reward_state=0
current_hist=[16036  2308    21  1776  1373]
[16036.0, 2308.0, 21.0, 1776.0, 1373.0]
den=1
curr_probs=[0.1092675747313623, 0.015726463112994773, 0.00014309173543019507, 0.012101472482096498, 0.009355473940269421]
norm_factor=146759.0

 
reward_state=1
current_hist=[15744  2432     3  1894  1474]
[31780.0, 4740.0, 24.0, 3670.0, 2847.0]
den=2
curr_probs=[0.1083801969122898, 0.01616495070372101, 8.184785166441017e-05, 0.012515900650349389, 0.009709201403690656]
norm_factor=293227.0

 
reward_state=2
current_hist=[16350  2280    30  1752  1352]
[48130.0, 7020.0, 54.0, 5422.0, 4199.0]
den=3
curr_probs=[0.1092798158159431, 0.01593900492474383, 0.00012260773019033715, 0.012310724316518667, 0.009533886279059735]
norm_factor=440429.0

 
reward_state=2
current_hist=[15576  2348     9  1802  1402]
[63706.0, 9368.0, 63.0, 7224.0, 5601.0]
den=4
curr_probs=[0.10860489102176155, 0.015970404971146553, 0.00010740131438751417, 0.012315350716434957, 0.009548488283880427]
norm_factor=586585.0

 
reward_state=3
current_hist=[14928  2206    60  1706  1323]
[78634.0, 11574.0, 123.0, 8930.0, 6924.0]
den=5
curr_probs=[0.10745740800717166, 0.015816466671859562, 0.00016808583036450028, 0.012203304594755996, 0.009462002353201625]
norm_factor=731769.0

 
reward_state=2
current_hist=[15479  2194    39  1676  1284]
[94113.0, 13768.0, 162.0, 10606.0, 8208.0]
den=6
curr_probs=[0.1072193911554512, 0.015685363099978242, 0.00018456048970049934, 0.012083015763972197, 0.009351064811491967]
norm_factor=877761.0

 
reward_state=2
current_hist=[14262  2497    36  1912  1483]
[108375.0, 16265.0, 198.0, 12518.0, 9691.0]
den=7
curr_probs=[0.10600919284331572, 0.015909937915538918, 0.00019367769488328962, 0.012244734265399088, 0.00947944717734323]
norm_factor=1022317.0

 
reward_state=2
current_hist=[15394  2484    33  1924  1492]
[123769.0, 18749.0, 231.0, 14442.0, 11183.0]
den=8
curr_probs=[0.10593858302897606, 0.016047980457224928, 0.00019772166438844518, 0.012361455745012663, 0.009571953995047544]
norm_factor=1168309.0

 
reward_state=2
current_hist=[14688  2246    60  1730  1341]
[138457.0, 20995.0, 291.0, 16172.0, 12524.0]
den=9
curr_probs=[0.10542943666444067, 0.015986848066691692, 0.00022158479578029448, 0.012314327551061589, 0.009536522276125114]
norm_factor=1313267.0

 
reward_state=2
current_hist=[14777  2474    12  1950  1501]
[153234.0, 23469.0, 303.0, 18122.0, 14025.0]
den=10
curr_probs=[0.10505632498256877, 0.016090207728153717, 0.0002077350096565928, 0.012424336122101566, 0.00961545713014427]
norm_factor=1458589.0

 
reward_state=3
current_hist=[15495  2225    45  1710  1323]
[168729.0, 25694.0, 348.0, 19832.0, 15348.0]
den=11
curr_probs=[0.10516346774118153, 0.01601426038287383, 0.0002168974318222189, 0.012360660539937486, 0.009565924665538551]
norm_factor=1604445.0

 
reward_state=0
current_hist=[14338  2300    57  1810  1401]
[183067.0, 27994.0, 405.0, 21642.0, 16749.0]
den=12
curr_probs=[0.10467162007244285, 0.016006037856675235, 0.00023156552589674465, 0.012374175583845303, 0.009576520970974263]
norm_factor=1748965.0

 
reward_state=1
current_hist=[14433  2405    57  1846  1430]
[197500.0, 30399.0, 462.0, 23488.0, 18179.0]
den=13
curr_probs=[0.10429500012409784, 0.01605298080391114, 0.00024397108889788965, 0.01240344791349271, 0.009599892694966961]
norm_factor=1893667.0

 
reward_state=4
current_hist=[14114  2365    36  1868  1447]
[211614.0, 32764.0, 498.0, 25356.0, 19626.0]
den=14
curr_probs=[0.10383705530527595, 0.01607699528397016, 0.0002443640474733592, 0.012441957405089347, 0.009630298786570577]
norm_factor=2037943.0

 
reward_state=2
current_hist=[15768  2289    33  1772  1368]
[227382.0, 35053.0, 531.0, 27128.0, 20994.0]
den=15
curr_probs=[0.10410019681713861, 0.01604799060185573, 0.00024310281600962522, 0.012419761191542585, 0.009611488736922923]
norm_factor=2184261.0

 
reward_state=3
current_hist=[15788  2315    63  1786  1392]
[243170.0, 37368.0, 594.0, 28914.0, 22386.0]
den=16
curr_probs=[0.10433834164810557, 0.016033701322969152, 0.0002548709747870819, 0.012406295227262098, 0.009605288958894976]
norm_factor=2330591.0

 
reward_state=1
current_hist=[14410  2241    99  1748  1351]
[257580.0, 39609.0, 693.0, 30662.0, 23737.0]
den=17
curr_probs=[0.1040665463505804, 0.016002685901079814, 0.00027998337068465027, 0.012387951099470051, 0.009590137474663122]
norm_factor=2475147.0

 
reward_state=4
current_hist=[14667  2244    36  1710  1331]
[272247.0, 41853.0, 729.0, 32372.0, 25068.0]
den=18
curr_probs=[0.1039147572795523, 0.015974994532248665, 0.00027825415176950936, 0.01235616378749322, 0.00956827856866675]
norm_factor=2619907.0

 
reward_state=3
current_hist=[16119  2311    30  1776  1374]
[288366.0, 44164.0, 759.0, 34148.0, 26442.0]
den=19
curr_probs=[0.10422233346043404, 0.01596192038918114, 0.0002743206588032897, 0.012341899679597807, 0.009556767931589704]
norm_factor=2766835.0

 
reward_state=1
current_hist=[17237  2375    24  1814  1401]
[305603.0, 46539.0, 783.0, 35962.0, 27843.0]
den=20
curr_probs=[0.10483013123190317, 0.015964141312099493, 0.00026859027154373544, 0.012335942969675369, 0.009550905403055206]
norm_factor=2915221.0

 
reward_state=2
current_hist=[15918  2342    30  1834  1425]
[321521.0, 48881.0, 813.0, 37796.0, 29268.0]
den=21
curr_probs=[0.1050088394358046, 0.015964546889508196, 0.0002655260044019182, 0.012344183102552152, 0.009558936158469054]
norm_factor=3061847.0

 
reward_state=3
current_hist=[14843  2439    27  1904  1475]
[336364.0, 51320.0, 840.0, 39700.0, 30743.0]
den=22
curr_probs=[0.10487885414136526, 0.01600166127925362, 0.00026191339584125177, 0.012378525970116305, 0.0095857184861281]
norm_factor=3207167.0

 
reward_state=2
current_hist=[12756  2149    84  1658  1288]
[349120.0, 53469.0, 924.0, 41358.0, 32031.0]
den=23
curr_probs=[0.10423505674080935, 0.015963978714695046, 0.0002758741762961384, 0.012348056475384948, 0.009563339546473603]
norm_factor=3349353.0

 
reward_state=2
current_hist=[14649  2346    21  1832  1426]
[363769.0, 55815.0, 945.0, 43190.0, 33457.0]
den=24
curr_probs=[0.10410440403735143, 0.01597328884909041, 0.0002704426760259865, 0.012360231933928422, 0.009574815462223737]
norm_factor=3494271.0

 
reward_state=1
current_hist=[13062  2361    42  1836  1419]
[376831.0, 58176.0, 987.0, 45026.0, 34876.0]
den=25
curr_probs=[0.1036059207782342, 0.01599491031044302, 0.00027136579476772654, 0.012379449113689621, 0.00958880796182293]
norm_factor=3637157.0

 
