0.1092675747313623, 0.015726463112994773, 0.00014309173543019507, 0.012101472482096498, 0.009355473940269421
0.1083801969122898, 0.01616495070372101, 8.184785166441017e-05, 0.012515900650349389, 0.009709201403690656
0.1092798158159431, 0.01593900492474383, 0.00012260773019033715, 0.012310724316518667, 0.009533886279059735
0.10860489102176155, 0.015970404971146553, 0.00010740131438751417, 0.012315350716434957, 0.009548488283880427
0.10745740800717166, 0.015816466671859562, 0.00016808583036450028, 0.012203304594755996, 0.009462002353201625
0.1072193911554512, 0.015685363099978242, 0.00018456048970049934, 0.012083015763972197, 0.009351064811491967
0.10600919284331572, 0.015909937915538918, 0.00019367769488328962, 0.012244734265399088, 0.00947944717734323
0.10593858302897606, 0.016047980457224928, 0.00019772166438844518, 0.012361455745012663, 0.009571953995047544
0.10542943666444067, 0.015986848066691692, 0.00022158479578029448, 0.012314327551061589, 0.009536522276125114
0.10505632498256877, 0.016090207728153717, 0.0002077350096565928, 0.012424336122101566, 0.00961545713014427
0.10516346774118153, 0.01601426038287383, 0.0002168974318222189, 0.012360660539937486, 0.009565924665538551
0.10467162007244285, 0.016006037856675235, 0.00023156552589674465, 0.012374175583845303, 0.009576520970974263
0.10429500012409784, 0.01605298080391114, 0.00024397108889788965, 0.01240344791349271, 0.009599892694966961
0.10383705530527595, 0.01607699528397016, 0.0002443640474733592, 0.012441957405089347, 0.009630298786570577
0.10410019681713861, 0.01604799060185573, 0.00024310281600962522, 0.012419761191542585, 0.009611488736922923
0.10433834164810557, 0.016033701322969152, 0.0002548709747870819, 0.012406295227262098, 0.009605288958894976
0.1040665463505804, 0.016002685901079814, 0.00027998337068465027, 0.012387951099470051, 0.009590137474663122
0.1039147572795523, 0.015974994532248665, 0.00027825415176950936, 0.01235616378749322, 0.00956827856866675
0.10422233346043404, 0.01596192038918114, 0.0002743206588032897, 0.012341899679597807, 0.009556767931589704
0.10483013123190317, 0.015964141312099493, 0.00026859027154373544, 0.012335942969675369, 0.009550905403055206
0.1050088394358046, 0.015964546889508196, 0.0002655260044019182, 0.012344183102552152, 0.009558936158469054
0.10487885414136526, 0.01600166127925362, 0.00026191339584125177, 0.012378525970116305, 0.0095857184861281
0.10423505674080935, 0.015963978714695046, 0.0002758741762961384, 0.012348056475384948, 0.009563339546473603
0.10410440403735143, 0.01597328884909041, 0.0002704426760259865, 0.012360231933928422, 0.009574815462223737
0.1036059207782342, 0.01599491031044302, 0.00027136579476772654, 0.012379449113689621, 0.00958880796182293
