0.27
0.74
0.17
0.78
0.97
0.59
0.89
0.26
0.15
0.68
0.54
0.96
0.53
0.5
0.88
0.0
0.54
0.09
0.73
0.42
0.66
0.3
0.47
0.78
0.86
0.18
0.89
0.7
0.59
0.28
0.63
0.17
0.05
0.22
0.87
0.83
0.97
0.75
0.81
0.11
0.97
0.86
0.76
0.36
0.95
0.62
0.45
0.19
0.54
0.86
0.87
0.22
0.24
0.35
0.68
0.25
0.95
0.92
0.93
0.22
0.48
0.56
0.07
0.63
0.08
0.8
0.95
0.9
0.25
0.39
0.71
0.55
0.14
0.24
0.35
0.41
0.6
0.24
0.54
0.28
0.48
0.65
0.39
0.05
0.7
0.76
0.14
0.87
0.92
0.26
0.57
0.78
0.16
0.34
0.89
0.53
0.61
0.32
0.47
0.44
0.64
0.512519506517592
0.8534958445424958
0.9649433680373485
0.4680455147899824
0.4826234458633645
0.5641355017288747
0.3421315662071376
0.8408730071305981
0.2229698311979469
0.7348953868648893
0.4661270919588419
0.6610353459405777
0.6360205358710231
0.06910710542431098
0.9711691363295011
0.9208015121399757
0.03158047431065292
0.7425637703744636
0.10804224780171795
0.16151813945687682
0.6112775599965603
0.6716448951449749
0.39622847838670366
0.0
0.6597452949229115
0.7958447355886795
0.820701406136467
0.5240239608006826
0.23899982596153685
0.010801349306020058
0.5089346633315711
0.4885766967079138
0.7339797437311617
0.24741952350990354
0.3950599471276649
0.03672316901125189
0.09517326239518198
0.680745039430143
0.7311493400893647
0.10261884755001893
0.5363528160553372
0.4881430470749382
0.46504275796274913
0.5275470703978081
0.548730997939129
0.9541667080038583
1.0
1.0
1.0
0.9138964094389226
1.0
0.9433121691847014
0.9773308823117082
1.0
1.0
1.0
0.9216171344140895
0.996171090200626
1.0
1.0
0.9668903383357585
1.0
0.958050947258402
1.0
1.0
0.9595897956821969
1.0
1.0
1.0
1.0
1.0
0.9172043408329511
1.0
0.9690610978407501
0.952118517024463
0.9950690192187822
0.994334788257783
0.9900332303247512
0.9510722213415963
1.0
1.0
0.931378705607659
0.9575588067288467
1.0
1.0
0.9162876211017073
1.0
1.0
1.0
1.0
0.9844122313323562
1.0
0.9734533741327998
0.9220283503528675
0.9674863000602922
1.0
0.9566466188825649
0.9534416019570569
1.0
1.0
0.33945329527993806
0.8684905721497356
0.6879780767033592
0.8966803901885212
0.535948821429382
0.9290971661512645
0.6070682315751671
0.8030872600482636
0.7049182061950644
0.9583020193384514
0.4515813147604222
0.0694099196995574
0.9795593220727227
0.5450008842013584
0.6735187492229543
0.6718220074245921
0.8065880778445742
0.3307083810256448
0.7182088772973574
0.703236164388118
0.01448304407833989
0.6416775148565177
0.0785238067308765
0.4962657371106795
0.02502065649272861
0.18640962554526674
0.7788466881952565
0.8730144804598803
0.2661940286999317
0.5458954309658379
0.6335924561877354
0.32121005206915004
0.12690427242035346
1.0
0.6265941061514673
0.6436926629434437
0.18961694541917035
0.20232863451660238
0.6116396401605694
0.7269129348080955
0.4207001036311734
0.4362981675250319
0.38328604396540966
0.4232910815315264
0.4030229957424502
0.9723658772522314
1.0
0.9275600292403338
0.9321774585303486
0.95984011425129
0.9912368879737912
0.9123913471377167
0.9627074258691041
0.9439127393100313
0.9829972381355684
0.9699848237064579
0.9442588992545685
1.0
0.9493167908339235
1.0
0.9753990461823014
0.9279164394748018
0.9970297021503642
0.9742416187363507
0.9924208505722069
1.0
0.9468391964877195
0.9357488098369123
0.9061166838030935
1.0
1.0
1.0
0.9963053438928271
0.9966692658017844
1.0
0.9134313380540569
1.0
0.9893057189100634
0.9440826600459962
1.0
0.9877218508834835
1.0
1.0
0.9901586520387557
1.0
1.0
1.0
0.9775990850127967
0.900960347007233
0.9770255749233121
1.0
1.0
1.0
0.9911464117260363
1.0
0.9096101507514703
0.9210873299026464
1.0
1.0
0.9439711743094177
0.2974991389113719
0.7977245270885664
0.8324468015381081
0.0989552537067952
0.7409156374141841
0.20749032909867665
0.9058656108076271
0.9707361246845609
0.0
0.5203130413579818
0.4005016333308162
0.8919197520517371
0.4216117485006742
0.5154795564591286
0.9179953300292656
0.1559842985479103
0.7070622818765013
0.39236001453317076
0.454378674031213
0.34175753481057863
0.5157633285072482
0.32571809372366634
0.6362148712817066
0.2917039413114883
0.02339200748534398
0.6699076401906362
0.14953969145531126
0.45502245845786027
0.839316116368833
0.8167476518890356
0.4269062996031252
0.2376890950526434
0.6350063422864326
0.7746029519263673
0.1944517422097114
0.11088738247442398
0.8380421046576936
0.4452135605226599
0.8148216633301175
0.5192433202072625
0.46594392058710826
0.5284482330221673
0.5496321605634882
0.5228582000845468
0.539794786500094
0.9667765134076014
0.9302426208303296
1.0
1.0
1.0
1.0
1.0
0.9293752046670958
1.0
1.0
0.9161586063635788
1.0
1.0
0.9949995434228787
0.9925767186937053
1.0
1.0
0.9294360411523984
0.9602653505396672
0.9218171072591853
1.0
1.0
1.0
1.0
1.0
1.0
0.9172038043911481
1.0
0.9690605613989471
0.9521179805826601
0.9950687808002031
0.9943345498392039
0.9900329919061721
0.9510719829230172
1.0
1.0
0.9313785863983695
0.9575586875195572
1.0
1.0
0.9162875018924177
1.0
1.0
1.0
1.0
0.9844121121230667
1.0
0.9734532549235102
0.9220282311435779
0.9674861808510027
1.0
0.9566466188825649
0.9534416019570569
1.0
1.0
0.5346049246857658
0.7627914899085224
0.23850727928079196
0.23747684606955366
0.44482829260078655
0.3347627776073151
1.0
0.5842773897455559
0.2204687153875584
0.22888375612152395
0.3145806986825249
0.3403759631179081
0.14657744978447773
0.01657086206173808
0.2769682648791812
0.4682559932158914
0.8157279770097292
0.7222459929556229
0.6048665737414258
0.2822794478589897
0.8464801828066211
0.7143852391782455
0.5111566161179727
0.7705172629506623
0.5852496098718922
0.5127466028811449
0.21307752832227667
0.8087705706791253
0.395473450030814
0.6379136398396121
0.3179936939310499
0.16296072254274502
0.9724243082541284
0.9573591854463429
0.6140517562960167
0.11573607947052084
0.03524102909184379
0.8898656559270225
0.3611491626407254
0.9278141615969924
0.33258165415484753
0.37258669172096426
0.3523186059318881
0.38460831962169256
0.38931884587347665
0.43195078447963575
0.35583704091489415
0.4941887056341183
0.447051413668813
0.5222500205408885
0.9120207434201425
0.9945285511397459
0.9634070035100272
0.9981582856841089
0.9606284250954045
1.0
0.9875241543602149
0.9603137968266326
1.0
0.9911959140770361
1.0
0.9982295869415727
1.0
1.0
1.0
0.9271571828229798
0.9466351101840086
0.9355447235332014
0.9059125974993826
1.0
1.0
1.0
0.9962354872491503
0.9965994091581076
1.0
0.9133980190576274
1.0
0.9892723999136339
0.9440493410495667
1.0
0.9877016449089047
1.0
1.0
0.9901384460641769
1.0
1.0
1.0
0.977584660688761
0.9009459226831974
0.9770111505992765
1.0
1.0
1.0
0.9911349676342395
1.0
0.9096003755897272
0.9210775547409032
1.0
1.0
0.9439613991476745
0.7778881667801125
0.23855323587499283
0.11351264635774183
0.5728395622491588
0.3039213430578407
0.10114503758167093
0.13260751397880038
0.9564303626108047
0.003379399224752333
0.40488695113888007
0.1852288170298032
0.6635738529145119
0.6369517409141228
0.15006972964684828
0.7662255542573302
0.2854345270148602
0.7671296393880398
0.2885904002871869
0.07964228196412676
0.3126132377094146
0.6171783994379871
0.33024990745986477
0.2724851526174088
0.903612624378716
0.6461131992411084
0.6691845697402089
0.8553528652549414
0.16366176445693725
0.8408578455568758
0.45845823219673215
0.4687009791081794
0.25950590006746527
0.6359943080323127
0.2790234725146309
0.14617621343950815
0.6977586490522467
0.8086253432732022
0.40239726541485826
0.21848045585016979
0.6566931098837396
0.4345975207281305
0.4078235602491891
0.4247601466647364
0.4291312926510707
0.43819683035735146
0.08067038321983055
0.17248715064869224
0.12562005800737236
0.14671297037853537
0.09840605175649975
0.794321423244863
0.5923319953215561
0.758002298242693
0.728588379750039
0.6295933231330504
0.9309738028612391
0.9217709236667747
0.8451520197887202
0.888232077764001
0.9701351744713571
1.0
0.8922845942730994
0.968513249949787
0.9250059503142476
0.9773890231814759
1.0
1.0
0.9953697065529584
1.0
1.0
1.0
0.9159267748768354
1.0
0.9677835318846344
0.9508409510683473
0.9946631711925066
0.9939289402315074
0.9896273822984756
0.9506663733153207
1.0
1.0
0.9312059713470999
0.9573860724682877
1.0
1.0
0.9161949358790815
1.0
1.0
1.0
1.0
0.9843532227340286
1.0
0.9733943655344721
0.9219693417545398
0.9674272914619646
1.0
0.9566041803754848
0.9533991634499768
1.0
1.0
0.15090639245904514
0.0
0.9389423041268943
0.0
0.35715961501998506
0.7433373315142021
0.33328990693685956
0.5050814876164276
0.45180266089604115
0.5737805696986423
0.35408768270989277
0.6695426065990916
0.12109073430438261
0.9818473423407998
0.3651706855020082
0.18336373740142364
0.38619504325627263
0.0460888307744865
0.46571209232009464
0.6856258192601852
0.8824539755845255
0.8003107638509308
0.011290497704533886
0.05419829546232169
0.3477892707233997
0.7422580455974908
0.8299522694010837
1.0
0.2065080636572309
0.6696494365701497
0.6061186589735803
0.6010400559793324
0.4934794277285118
0.5235194089573677
0.47527869684315605
0.20663290145810465
0.8769107168819059
0.38288850170204913
0.7063112705584272
0.9513305369453448
0.3851372511707644
0.4174269648605689
0.422137491112353
0.42492593005802015
0.39151386469868377
0.9806987431975678
1.0
0.9343994029374498
1.0
1.0
1.0
1.0
1.0
1.0
1.0
0.9565211622379166
1.0
0.9978390901558325
0.9076109235716825
0.9828631978299631
0.9769469690113234
0.9955055525449348
1.0
0.9757428064296594
1.0
0.9884939320494868
1.0
0.9811299041321431
1.0
0.9906949571777529
1.0
0.923721114263931
0.9809196851976771
0.9597189743012676
0.9256103022105013
1.0
0.9854837283440018
0.9670449127113442
0.9829185246300872
0.9631318190548335
0.9730551136467369
1.0
1.0
0.9115991668852057
1.0
1.0
0.9904058943042111
0.9410989609546382
1.0
1.0
0.9737066674210673
0.9684624157097212
1.0
1.0
0.9766857558021755
0.9685491213577504
0.9524066747851107
0.9304166385324298
1.0
1.0
0.092719118993011
0.5473166149377574
0.849726558893412
0.3013946201107389
0.6372914853838297
0.8185921181726333
0.892738158151144
0.2727939984106086
0.24620377258858006
0.6933002389847633
0.8572943174178764
0.9345309596864448
0.9473922627267211
0.03111909112847716
0.8737897670278103
0.17146679646638613
0.5047793845680392
0.5942913778728363
0.8960653732958668
0.7950029987951615
0.42054225577445226
0.9831611621098867
0.24198622728104063
0.23819601955405167
0.6308870778442053
0.2888747914573645
0.3308663487554995
0.8853306346263128
0.16907954608854137
0.32115939490236517
0.06074293736390146
0.2534146051077858
0.24612497728685923
0.24305710619793763
0.8900111345749295
0.792382916192675
0.0
0.5977243274588129
0.21214380731107735
0.748598513614515
0.46640311055099737
0.4707742565373317
0.47983979424361245
0.4610590007353945
0.4719899163262231
0.9655006078663511
0.969484865498667
0.9177658772213997
1.0
0.9305997260423082
1.0
0.9542328649731457
1.0
0.9723948734664043
1.0
1.0
0.9813522793703129
0.864882877204787
0.9925426502471324
1.0
0.9754016687866716
0.927919062079172
0.9970323247547344
0.9742442413407209
0.992423473176577
1.0
0.9468402693713255
0.9357498827205183
0.9061177566866995
1.0
1.0
1.0
0.9963059399392749
0.9966698618482321
1.0
0.9134316956819255
1.0
0.989306076537932
0.9440830176738648
1.0
0.9877221489067074
1.0
1.0
0.9901589500619796
1.0
1.0
1.0
0.9775993234313758
0.9009605854258121
0.9770258133418912
1.0
1.0
1.0
0.9911465905399707
1.0
0.9096103295654047
0.9210875087165807
1.0
1.0
0.943971353123352
0.48848172115532146
0.881054248134964
0.11479061887664399
0.10112023184760666
0.8788320576727147
0.013659043034442042
1.0
0.32853767600281103
0.11889961575051167
0.3239506144592753
0.2538120093955539
0.7852175200866189
0.1139894704541719
0.05104381018584747
0.11697942965268071
0.2688945394212608
0.5614053527513844
0.8820310512128524
0.43991452207805576
0.7191830010564362
0.6178715895853322
0.1256222432734484
0.7724404464607807
0.13865474216502616
0.6538922484774693
0.4438290253243075
0.8156550162863203
0.6532212639818014
0.15401534218967528
0.9378336574922413
0.6386272877787131
0.11187825824440084
0.00455986601925773
0.2630564165395103
0.05608162342563755
0.23628870230744153
0.1299013942118391
0.06795089875030691
0.0
0.3191264482551917
0.585651747589709
0.5884401865353761
0.5550281211760397
0.5855409291716889
0.547022824421722
0.9666976651286143
1.0
1.0
1.0
0.9751323626411657
0.9770733156510165
0.9490144287476272
1.0
0.8973379937620429
0.9852490913962961
0.8947174644627489
0.8949928889127553
1.0
1.0
1.0
0.9970397753353313
0.9742516919213178
0.9924309237571739
1.0
0.952746847181309
1.0
1.0
0.9811319902947102
1.0
0.99069704334032
1.0
0.9237221275428922
0.9809206984766383
0.9597199875802288
0.9256113154894625
1.0
0.9854843839950943
0.9670455683624367
0.9829191802811797
0.963132474705926
0.9730555904838951
1.0
1.0
0.9115996437223639
1.0
1.0
0.9904062519320798
0.9410993185825068
1.0
1.0
0.9737070846535807
0.9684628329422347
1.0
1.0
0.976686173034689
0.9685494193809743
0.9524069728083345
0.9304169365556537
1.0
1.0
0.6915699255163368
0.5549968864223844
0.23540171416076144
0.7023224104928848
0.0
0.6721611818574927
0.4287450535734586
0.7359871186196205
0.6088635885055229
0.39016537483613356
0.83188615015119
0.8970767684928265
0.3922539448747189
0.5917613197055218
0.8349537710693513
0.0
0.29894517766865425
0.9116030950209
0.881846711770012
0.6186725604253164
0.4435338499617047
0.8848274988173573
0.21108208755260988
0.7584292157432532
1.0
0.46166281631843625
0.765752826089228
0.5216134213630127
0.04392831806115183
0.7690932492880836
0.5442593340239961
0.6563664419065558
0.8044044999580777
0.12012480733838121
0.28866036531786693
0.85281355084367
0.7169722007703974
0.916151700031141
0.38497306280052435
0.08995857174195204
0.5698274298561002
0.5510466363478823
0.5619775519387109
0.55616725959212
0.5672511087873298
0.9427176922727061
0.9295419795569599
0.9572046352779013
0.855452629860525
1.0
0.9588736843686618
0.9735812228035433
0.9326560605473384
0.9399724813488886
0.894775137560315
1.0
1.0
0.9205128030796127
1.0
0.9188926502705774
0.9769469094066786
0.99550549294029
1.0
0.9757427468250146
1.0
0.9884942896773554
1.0
0.9811302617600117
1.0
0.9906953148056216
1.0
0.9237214122871549
0.980919983220901
0.9597192723244915
0.9256106002337252
1.0
0.9854839071579361
0.9670450915252785
0.9829187034440215
0.9631319978687678
0.9730552924606712
1.0
1.0
0.91159934569914
1.0
1.0
0.9904061327227902
0.9410991993732173
1.0
1.0
0.9737069654442911
0.9684627137329451
1.0
1.0
0.9766860538253994
0.9685493597763295
0.9524069132036898
0.9304168769510089
1.0
1.0
0.909611106375881
0.07938536832793808
0.8716836726248021
0.8478894362057525
0.13190995640919423
0.8928540679476963
0.2820610127307973
0.8842296559879771
0.507922673524811
0.9724464381621805
0.9539779107293642
0.42763611846869964
0.4414183890128034
0.4122871320897941
0.2426935950914722
0.8764078894200973
0.5953406666779704
0.22369185401511538
0.5604285072527211
0.540955454695415
0.887752486312923
0.8385084008411736
0.36285126170111737
0.9339492872318851
0.3423402243685194
0.34137351760957846
0.5938954152602014
0.8773996140848012
0.3159297377203483
0.4432089152497109
0.3466366146288006
0.1365198684018455
0.09044754563823826
0.9649511335475234
0.8634645789499983
0.5085584465103167
0.4796321304165225
0.5555308672005042
0.053804002409578944
0.04873836711551527
0.5506495043661948
0.5811623123618439
0.542644207611877
0.5640930255984324
0.5663110544616519
0.9413645434153483
1.0
1.0
1.0
0.9695107027900389
1.0
1.0
0.9955512876318704
1.0
1.0
0.9483133858448363
0.9949069983331942
1.0
0.9462518591700774
0.9503077207982608
1.0
1.0
1.0
0.9933313363904912
0.9294183030957783
1.0
1.0
0.9190513774084175
0.8889732428636278
0.9669442499191483
0.9995906925750845
0.9334682798912597
0.9450010277312235
0.9610156562034995
0.9850221215884597
0.9384962112894595
0.8822876912458041
0.9301172763274685
1.0
0.9740099922061219
1.0
1.0
0.991783137957212
0.9873206450316568
1.0
0.9529428641482198
1.0
1.0
1.0
0.9948960996750391
0.9683381239965595
1.0
0.9089479266859277
1.0
1.0
1.0
1.0
0.9841323152842893
1.0
1.0
0.1358481291082712
0.689693378357875
0.1083451754298152
0.8759572705530189
0.2862832172354154
0.9637392081200478
0.6626422368819878
0.1462954145280586
0.49056146314710064
0.6998367138854351
0.8840176260480435
0.35557085163263064
0.6049559573677218
0.8778454550212738
0.0
0.2683325726648666
0.9873936034593125
0.5152357923703542
0.6582104983400769
0.22175392928114823
0.2566478715301184
0.0055484040519689914
0.7956291258455721
0.9167617731417852
0.3576696554368385
0.5964570664588379
0.71790420297555
0.35683587595510635
0.2922581378779847
0.41854116743908754
0.0
0.012015392760897081
0.033218967889354356
0.4474599748987695
0.3111762987566187
0.7996250963324105
0.30246059470093023
0.7889101737240687
0.41937815388564126
0.5466341044951601
0.5369385347382409
0.53112824239165
0.5422120915868598
0.5109142869878245
0.5386367255063003
0.0
0.0
0.03321743058394944
0.0
0.07267670399357185
0.0
0.0
0.016978948120453807
0.0
0.0
0.0
0.0
0.028817296709659324
0.05807899812741757
0.019159767720075827
0.0
0.0
0.0
0.09533617286202944
0.0
0.020042661727459332
0.05934130853362962
0.0
0.06623735762180644
0.0
0.03338602496567472
0.0
0.0
0.0
0.0
0.025574959853183643
0.0
0.0
0.0
0.0
0.0
0.04767221143941869
0.022982484146839455
0.0
0.09869392260964555
0.04776267905762199
0.0
0.0
0.06590964223827922
0.03007568397216076
0.0
0.0
0.001055802603344036
0.019190247754838075
0.0
0.0
0.0
0.0
0.025800014681195582
0.010483402968401556
0.9515565788328404
0.4056609997357208
0.41136692948506093
0.3849644693396793
0.9912484607555471
0.7292585332462779
0.7838744166507265
0.3448617423461404
0.838799325676874
0.6995283382505753
0.3911760246062177
0.32089881712740703
0.20364015499747806
0.19141968875557697
0.788750288393516
0.8991228075177704
0.5362278889856618
0.13659206091184561
0.04596073731237371
0.5019351278976769
0.230605810489188
0.7092031195721256
0.8382227653097578
0.5872839237222494
0.6522396006125268
0.8943675067315907
0.1858975261782188
0.5863784077328499
0.26529227835751457
0.766937811402639
0.2474155431892026
0.33597013932297504
0.5649994462366804
0.8462516609268206
0.07723303750384852
0.7731153579765662
0.9006218236738459
0.790228015934485
0.24177173823384002
0.2302531388732269
0.31078780187686117
0.3322366198634165
0.33445464872663594
0.3052884506953165
0.3081295603299975
0.0
0.003549950369903687
0.06888876748256051
0.0
0.033528980862424784
0.06105978758423808
0.008190566055389537
0.0
0.0
0.04210018583702513
0.02537646845501912
0.0
0.0
0.0
0.0
0.0
0.05824618392825387
0.0
0.003994938612250809
0.011963836274580475
0.0
0.07199782586475723
0.010866056449537309
0.0
0.0
0.08985311920418493
0.0
0.0010906568282263995
0.0206811523159543
0.0
0.028160193741474826
0.01984404185865174
0.0
0.0
0.0
0.04275178757895898
0.0
0.03855560866948787
0.0
0.0
0.0
0.020049794486136308
0.0
0.0
0.029940625855916392
0.0
0.0
0.046848201691151115
0.0
0.0
0.0
0.10008139137884797
0.0427944061908222
0.0
0.05443399069220506
0.4563400096144618
0.4093167385362647
0.11243142919143956
0.525223306554496
0.5841128789718315
1.0
0.5982829706963865
0.5963321157447187
0.4542025721082241
0.48554447180894594
0.4672662477043306
0.8324063905185577
0.6652695726099842
0.49437320419753567
0.24901555551619725
0.977169822426354
0.6037948551248975
0.2865054947375386
0.09272401193386598
0.1216687424919104
0.5683381676794497
0.482317047628327
0.8585930803960212
0.4315772675696778
0.787007682360926
0.050589982715131376
0.9975334052405793
0.03127935952053895
0.8700332073669828
0.32383750913586656
0.11207031009058727
0.49779928626008235
0.8690442131948664
0.32144310833154077
0.10348175339615118
0.5287238591412441
0.8280460759055998
0.1725652482558413
0.732853399278341
0.8745019582691831
0.5593796597936469
0.5280818551946116
0.5558042937130874
0.5396936864924452
0.5008642076353178
0.9417492748475891
1.0
0.9633618280303649
1.0
0.9874964422588153
0.985003401050532
0.8942541575589098
1.0
1.0
0.9841156334197669
0.9757220390413734
1.0
1.0
1.0
0.8650722760581868
1.0
0.8721166208761668
0.9982739522892531
1.0
0.989308061332284
1.0
0.9421881738426408
0.9479871002389331
1.0
0.9190494700597847
1.0
0.9706200868773072
0.9534027811141246
0.9195915798316743
0.9855881283758527
0.9842090446485336
0.9864196642867248
1.0
0.976565251191823
0.8995338885284496
1.0
1.0
1.0
0.9137828504697102
1.0
0.9729467773149979
1.0
1.0
1.0
1.0
1.0
1.0
0.9893525783753234
1.0
1.0
0.9999651711909334
0.9391087843249275
0.9546811319441615
1.0
0.9841321960749998
1.0
0.4823330077193485
0.21335539434929707
0.2638442773888102
0.10159280330081205
0.6560584271834817
0.8785140197000063
0.26596731120055694
0.07689691536663945
0.5609037440473442
0.18365340630210453
0.011066851908271669
0.5500205730462259
0.2408014865071808
0.12064505331137593
0.8620391791941637
0.7251829038506122
0.7195722197727532
0.7726690467257602
0.12188154011579616
0.18777718482727485
0.291206582880956
0.7537416615027246
0.8005698826204152
0.7165070742701072
0.5496559264820869
0.05976369125462455
0.7959813666623435
0.0
0.9872247932536391
0.02736447747905102
0.6474831644134539
0.7121850760303836
0.22288801394046392
0.12302469432890573
0.2931332655301271
0.9529137417700644
0.10779092583382871
0.22913206113894613
0.78344872799864
0.48784660600965596
0.45868040797833654
0.4615215176130175
0.4678349264661439
0.4718483397628499
0.9245358520061271
1.0
0.9251009161240535
0.9990437412487603
1.0
0.9800013069889395
1.0
1.0
0.9210272113224242
0.9442604287943257
0.966219640517882
1.0
0.8651042241477864
1.0
1.0
1.0
0.8721221641081309
0.9982794955212172
1.0
0.9893136045642481
1.0
0.9421899023773392
0.9479888287736316
1.0
0.9190511985944831
1.0
0.9706208021330445
0.9534034963698619
0.9195922950874116
0.98558884363159
0.9842094022764023
0.9864200219145934
1.0
0.9765656088196917
0.8995342461563183
1.0
1.0
1.0
0.9137830888882893
1.0
0.9729469561289322
1.0
1.0
1.0
1.0
1.0
1.0
0.989352697584613
1.0
1.0
0.9999652307955782
0.9391088439295723
0.9546811915488063
1.0
0.9841322556796446
0.18313916759094517
0.4230063773571846
0.5024284087951347
0.4489946823922859
0.2227029578980772
0.987696332549223
0.33584881782622644
0.5168576527324078
0.8546990613487397
0.72163360199393
0.11777083980473213
0.1761459726950027
0.45674528254599767
0.4520816313939443
0.3819257142614789
0.35090786638251237
0.7708870635390905
0.6586550339004492
0.2994193256021944
0.38534324100868284
0.9545095900243171
0.42945254079736944
0.04053994301728281
0.5097904543547646
1.0
0.2276736540208899
0.7583805946808255
0.4533634984299187
0.019530910228297838
0.7348538130659601
0.3516267525148584
0.6061436510199105
0.7678438859454371
0.6466427677372828
0.616701953018942
0.3711211350012942
0.7493853435532434
0.45348678507239043
0.4913142549016792
0.3418567687440348
0.4539369159550613
0.4378263087344191
0.39899682987729174
0.42034304153688956
0.422912693864419
0.938755924967937
1.0
1.0
0.9889858205276314
0.9656775999772247
1.0
0.9854566057952572
0.9795575504085867
1.0
1.0
0.921079007758734
0.9059440748910929
0.9840818354589346
0.9731633950249687
0.9147702254933924
0.9882999428055639
1.0
0.9973806594093664
1.0
1.0
0.9438851997889895
1.0
1.0
0.9234584393311924
0.9702872807068172
1.0
0.9215209424996542
1.0
1.0
0.9528123065640908
1.0
1.0
0.9674252747620129
0.9839383203038623
0.9566396780995522
1.0
0.9625402227103679
1.0
0.9776466670936241
0.9459345323910112
0.9612654803545558
1.0
0.9485470514930028
0.9771364071594757
1.0
0.9587627860709151
0.9716070028506928
1.0
0.980384781343191
0.908659207160165
0.9762934048493299
1.0
1.0
0.859761170793396
1.0
0.8350160915391228
0.3966389628909336
0.9216942510463796
0.5114806253979197
0.19921707540889005
0.15581231960520414
0.8868011514863527
0.2714564221472122
0.6626771187090772
1.0
0.6371040860811572
0.691166011387413
0.44431072225810947
0.05569991780829775
0.18840039484122212
0.08154287992734854
0.05942614182287176
1.0
0.34722724517775616
0.17359986453863246
0.20542650757545905
0.2695304299363912
0.5201779999274072
0.47953878902300306
0.37250154915795514
0.8299507024449166
0.19626494390583915
0.48141684058125833
0.5847473448421109
0.6154818294627455
0.0666646211977705
0.024128759248735254
0.28755452350009486
0.852544686418186
0.30833589256346383
0.41571471766139845
0.6625378534224386
0.7797612932654694
0.49349880708773763
0.7106376608943004
0.4285215070182619
0.3993553089869425
0.4021964186216235
0.40850982747474984
0.41252324077145586
0.9085832648784415
0.9857072323981957
0.909148328996368
0.9830911541210747
1.0
0.9792986278316824
1.0
1.0
0.9203245321651671
0.9435577496370686
0.9661587245709216
1.0
0.865043308200826
1.0
1.0
1.0
0.8721111372488475
0.9982684686619337
1.0
0.9893025777049647
1.0
0.9421864453079423
0.9479853717042346
1.0
0.9190477415250862
1.0
0.9706192524122803
0.9534019466490977
0.9195907453666474
0.9855872939108259
0.9842084486020859
0.986419068240277
1.0
0.9765646551453753
0.8995332924820019
1.0
1.0
1.0
0.9137824332371968
1.0
0.9729463600824845
1.0
1.0
1.0
1.0
1.0
1.0
0.9893522207474548
1.0
1.0
0.99996475395842
0.9391083670924141
0.9546807147116481
1.0
0.9841317788424864
0.5852261745269463
0.8449272971956001
0.37926722338765545
0.7800364919654217
0.11240009427161524
0.5341046143260357
0.16173873944551104
0.5130615719264862
0.699697692269408
0.5725190062185622
0.6691525436791916
0.2533733951764455
0.6758835139345594
0.8682388109206288
0.4572842584014563
0.5757595761558508
0.6577646553636995
0.8977799587573247
0.4877082148736366
0.20210993520654913
0.8831293511765388
0.7893469075827614
0.6355613712630708
0.4615479750047766
0.26811117214969765
0.23017518756833116
0.7591856002555348
0.14719424547143184
0.6151195453596308
0.49372917176423425
0.6830203371516443
0.9250169628361598
0.22798436125639931
0.2289629545260592
0.3906596169487817
0.6419626621189756
0.41597490777757945
0.16920103730444436
0.7556248122067397
0.5728265972208998
0.3534394501546965
0.37478566181429435
0.37735531414182377
0.3735369994918628
0.3496863861270129
0.0
0.007914164088878684
0.10552220577985849
0.01997714110460508
0.007789782835287973
0.021811518449338263
0.0
0.0
0.0
0.025852518548153403
0.0
0.0
0.0
0.0
0.012777996687551085
0.0
0.11084567745846785
0.0
0.02855926368004391
0.004180004035203577
0.030087511486592278
0.0
0.03812987503027199
0.01925933038055061
0.0
0.08985323841347448
0.0
0.0010907760375159503
0.02068127152524385
0.0
0.02816028314844199
0.019844131265618903
0.0
0.0
0.0
0.04275184718360375
0.0
0.03855566827413265
0.0
0.0
0.0
0.020049854090781083
0.0
0.0
0.029940685460561167
0.0
0.0
0.0468482314934735
0.0
0.0
0.0
0.10008142118117036
0.042794435993144586
0.0
0.054434020494527446
0.8792944273807607
0.6687415797779551
0.15943237573046903
0.5518184269355264
0.6835179607591189
0.46097853952353973
0.7221949791216749
1.0
0.16885273853934818
0.5643369832578353
0.24425476541759433
0.5492127270848786
0.9210382174692433
0.32607322989721244
0.4482382069473835
0.6369390224651665
0.38729563316298565
0.4016743257603274
0.26224743662590466
0.074263110257131
0.9033404387968835
0.6662836577783436
0.29206826988206097
0.913553369299775
0.534243724175462
0.42171641114171365
0.8231397575046171
0.18077186328003675
0.3683459609385237
0.274030113561632
0.010514846595416516
0.7818340869957312
0.1670502346807734
0.031600720440405405
0.9447686478522177
0.1333942202063873
0.8840840507896724
0.7920109352206248
0.010451429122143752
0.3963139223826334
0.405940514185512
0.4122539230386384
0.4162673363353444
0.38358343773191134
0.4356220750579709
0.982703975809819
0.9901970410572625
1.0
1.0
0.9900726598036718
1.0
0.9205128828426573
0.9437461003145589
0.9656136996990954
1.0
0.9813844932661098
0.9147253539594897
0.9731191092220053
0.9602169041693803
1.0
0.929402209841689
1.0
0.9565175760479764
1.0
1.0
1.0
0.9712992257243553
1.0
1.0
0.9264811062008155
1.0
0.9215188563370871
1.0
1.0
0.9528102204015236
1.0
1.0
0.9674239038551831
0.9839369493970325
0.9566383071927224
1.0
0.9625391498267619
1.0
0.9776455942100182
0.9459334595074053
0.961264645889529
1.0
0.9485462170279759
0.9771355726944488
1.0
0.9587619516058883
0.9716061683856659
1.0
0.9803839468781641
0.9086583726951382
0.9762926895935926
1.0
1.0
0.8597604555376587
1.0
0.25465617349713726
0.6891869731894817
0.6623964703092129
1.0
0.5475788573768771
0.25876300415457454
0.2092160772028797
0.46134308167899624
0.04675556792350011
0.31443924781850485
0.6653755726885267
0.06371549191466264
0.3418246076465277
0.9743358357688879
0.6882086813570467
0.896271782430573
0.5306135157292732
0.2920215450946259
0.4055102992432502
0.2868395785956398
0.34798368256907053
0.8961032969366156
0.13536435646824013
0.7083594405457023
0.339794146989391
0.453085550679638
0.4734069096040919
0.9151713824385201
0.6827851968280054
0.9088605278233424
0.3544744475734617
0.33901622558128075
0.45800091481369565
0.7510871437969846
0.5340917335965949
0.0
0.28155575331162863
0.7878771753382704
0.5930685399870024
0.1832177044130187
0.43701220238836
0.43319388773839906
0.40934327437354917
0.4026536521448252
0.5115916935067029
0.08225403978253593
0.04527380247885149
0.0
0.0
0.0
0.003224030181561255
0.012494070708701899
0.003610737394887764
0.0
0.0
0.0
0.0017622045619334337
0.05715309092010035
0.0
0.010743044722179629
0.01196660789056253
0.0
0.08960653709883643
0.0
0.04078704035496172
0.006132603418645466
0.0
0.06697372199065033
0.027679154402254325
0.0
0.08985344702973119
0.0
0.0010909846537726642
0.020681480141500563
0.0
0.028160372555409152
0.019844220672586066
0.0
0.0
0.0
0.04275190678824853
0.0
0.038555727878777424
0.0
0.0
0.0
0.02004991369542586
0.0
0.0
0.029940745065205943
0.0
0.0
0.04684829109811828
0.0
0.0
0.0
0.10008148078581514
0.04279449559778936
0.0
0.05443408009917222
0.24629714518923979
0.9481807316230264
0.19896915361495376
0.08692655139869232
0.5741492008471387
0.5448371928388481
0.18371992508567386
0.038881985241477846
0.8468960498833842
0.8658615679891144
0.3449990224085133
0.7317767447115893
0.7779074440842243
0.2436801528171868
0.15010485013915137
0.8599453523716556
0.28239628015274487
0.7898638988504232
0.8932316698569116
0.805579593409142
0.670440432462551
0.08099512483299337
0.05339201433278007
0.45271815779622415
0.21871677099720127
0.32198146563599384
0.9004064648981794
0.09178041849899465
0.5906078727566104
0.0958203884178504
0.1608312052541987
0.39933673218395094
0.34973917454746917
0.40288559469903257
0.7052552749069515
0.6797106584643382
0.49903225206678486
0.7379216122401163
0.5888823383832812
0.0
0.472755343642397
0.44007144503896395
0.4921100823650235
0.5070862690341538
0.5600777450261867
0.9486490172620997
1.0
0.9971859619378292
0.9739530172851943
1.0
1.0
1.0
1.0
0.9046912077122589
0.9824662779296435
0.9308888687223181
1.0
1.0
0.9123083438908257
1.0
1.0
0.9438822195567508
1.0
0.9795644592545151
1.0
1.0
0.9787739544786179
1.0
1.0
0.9220016063673668
1.0
0.9215214193368124
1.0
1.0
0.952812783401249
1.0
1.0
0.9674255727852368
0.9839386183270862
0.9566399761227761
1.0
0.962540461128947
1.0
0.9776469055122032
0.9459347708095903
0.9612656591684902
1.0
0.9485472303069371
0.97713658597341
1.0
0.9587629052802047
0.9716071220599823
1.0
0.9803849005524805
0.9086593263694546
0.9762935240586195
1.0
1.0
0.8597612900026855
1.0
0.09736261725516626
0.5572673071112988
0.792897448971573
0.6846911796039459
0.1039031039420002
0.03357956000770107
0.21666322721572118
0.6774588930325857
0.9135491671633191
0.021422271156224526
0.6830946073890356
0.02481432397575134
0.11637873650803243
0.7093646698321538
1.0
0.6219150447074341
0.7269957590477851
0.5024819116263405
0.42641236823420114
0.06418231552945008
0.0025876490574277544
0.43862213728871385
0.4696744560943104
0.0
0.27795311679365176
0.5388508415335214
0.5906752186290003
0.07382180626191054
0.163693331087866
0.45377254152785973
0.22024183130425046
0.0
0.2657994257428962
0.6101494640279246
0.9609437399716323
0.8441255421710036
0.02946281422177416
0.04071909200914908
0.6901844509902735
0.7564283564369007
0.4411212225146472
0.4344316002859232
0.5433696416478009
0.5808305616560101
0.5083042993786288
0.0655295143865508
0.04556616326147478
0.0
0.0
0.0
0.003288462802563452
0.012558503329704096
0.0036751700158899614
0.0
0.0
0.0
0.0017703703982676622
0.057161256756434575
0.0
0.010751210558513857
0.011968247018293854
0.0
0.08960817622656775
0.0
0.04078867948269305
0.006133139860448444
0.0
0.0669742584324533
0.027679690844057303
0.0
0.08985371525063268
0.0
0.0010912528746741534
0.020681748362402053
0.0
0.02816055136934348
0.019844399486520392
0.0
0.0
0.0
0.04275205579986047
0.0
0.03855587689038936
0.0
0.0
0.0
0.02005003290471541
0.0
0.0
0.029940864274495493
0.0
0.0
0.04684841030740783
0.0
0.0
0.0
0.1000815701927823
0.042794585004756525
0.0
0.054434169506139385
0.2206758800162814
0.9614665473388162
0.8647368232926882
0.07723927670424957
0.33581600539921697
0.9206518095189933
0.6199766318003039
0.4894324818196944
0.2844172393346018
0.3562862904222046
0.010792739316014599
0.7204705184580797
0.9400184284096332
0.18692046753924796
1.0
0.2503989890179263
0.11124759255165534
0.916264309979421
0.0512688853281793
0.0910649504552693
0.9231189459894675
0.8648321154278573
0.2791270528516857
0.7465256643575034
0.7222354715968716
0.3475927768332747
0.6062510460253462
0.5167249384956377
0.42518441990245387
0.5559919091278418
0.9736252945715205
0.7168180413594423
0.49405680150059417
0.17994717631066587
0.2293331672104183
0.9705224951838511
0.6850780775481997
0.31359134791020604
0.6086416953588366
0.5317880877057679
0.3988025793697072
0.36611868076627413
0.4181573180923337
0.433133504761464
0.48612498075349686
0.9507410210844264
1.0
0.9992779657601558
0.976045021107521
1.0
1.0
1.0
1.0
0.9047478321247955
0.9825229023421801
0.9308896435827002
1.0
1.0
0.9123091187512078
1.0
1.0
0.9438819811381717
1.0
0.979564220835936
1.0
1.0
0.9787738352693284
1.0
1.0
0.9220014871580773
1.0
0.9215213597321676
1.0
1.0
0.9528127237966042
1.0
1.0
0.9674255727852368
0.9839386183270862
0.9566399761227761
1.0
0.962540461128947
1.0
0.9776469055122032
0.9459347708095903
0.9612657187731349
1.0
0.9485472899115819
0.9771366455780548
1.0
0.9587629648848495
0.9716071816646271
1.0
0.9803849601571253
0.9086593859740993
0.976293643267909
1.0
1.0
0.8597614092119751
1.0
0.9066368202713166
0.0035552867359038842
0.662247855538451
0.03803307005370632
0.45137055291266637
0.6378011810498586
0.022269618756718124
0.758789722347173
0.6558798418403295
0.20780430872649902
1.0
0.7044208817805486
0.6837059000676521
0.2796330773059296
0.9616783786194709
0.09241328045416031
0.14666613381723947
0.6126540047536932
0.2909932462673582
0.8876328074738029
0.08485196826319469
0.4891012400526544
0.8160600947332575
0.583793518554548
0.8072578745356775
0.3078810804585353
0.3333002551448728
0.30863448644172387
0.5203926429764612
0.06558699883848845
0.01679166426447215
0.06506349744085793
0.3434948438019698
0.24893951726675245
0.30443343509236437
0.35424366605051566
0.7885009416404505
0.009269233016185319
0.8117160220332325
0.43368141622678014
0.42218627606438114
0.45964719607259025
0.387120933795209
0.44263030989398183
0.3730771810336163
0.02429545170127617
0.0
0.0
0.08516101550267985
0.06601356619396431
0.09244139826634223
0.0
0.0
0.0
0.028038253618231757
0.03347442195273742
0.0
0.0
0.008933525897377892
0.005546088348837852
0.09104789730875873
0.03246680971256577
0.0
0.0
0.0
0.0
0.006200648597667169
0.0
0.0
0.0
0.0
0.036202005613078236
0.0
0.03073971554570859
0.0
0.012579403639208564
0.0
0.060132016341363836
0.0
0.03968684941343936
0.0
0.038210516418672236
0.03976813531669521
0.0
0.0
0.0339984695586481
0.05794070917687011
0.0
0.0
0.0
0.039883083399533836
0.04771195834260267
0.0
0.0
0.0
0.07226607243520317
0.048378755559645936
0.028183284189984004
0.0
0.0
0.6682305614671267
0.7391493933767654
0.2607004737162488
0.3598451476747398
0.019142589966426427
0.9236049333158187
0.4319621895814127
0.7377420396955048
0.7368430566034596
0.14327696024198477
0.4571216236000629
0.3234169518188805
0.4595634337325199
0.7029430225453006
0.1610794895719953
0.9748374963769735
0.368179688646203
0.2263072636018605
0.4773920148943443
0.4153253259819802
0.22019829494572563
0.09316631081517557
0.37321773230091215
0.018680906115272344
0.07492534812648144
0.4008381608562487
0.3618817241512637
0.899109205823551
0.8549117368513361
0.11644575670863966
0.3613980516817923
0.2217007366153076
0.17871746911128195
0.7228223404025096
0.9636985590392886
0.0
0.42020351825007196
0.4964123734037049
0.46013218256489763
0.7254884057552116
0.486105152822482
0.5010813394916123
0.5540728154836452
0.46504941408598277
0.5514470539683508
1.0
1.0
0.9368820973828609
0.9691222814121221
0.9342304387622218
1.0
1.0
1.0
0.9046141985112091
0.9823892687285937
0.9308683051198706
1.0
1.0
0.9122877802883782
1.0
1.0
0.9438760802783389
1.0
0.9795583199761032
1.0
1.0
0.9787714510835374
1.0
1.0
0.9219991029722863
1.0
0.9215201676392721
1.0
1.0
0.9528115317037087
1.0
1.0
0.9674247979248547
0.9839378434667041
0.956639201262394
1.0
0.9625399842917888
1.0
0.977646428675045
0.9459342939724321
0.9612653611452663
1.0
0.9485469322837132
0.9771362879501861
1.0
0.9587626668616256
0.9716068836414032
1.0
0.9803846621339014
0.9086590879508755
0.9762934048493299
1.0
1.0
0.859761170793396
1.0
0.9535073231402271
0.17388764211143032
0.08074189795584874
0.44773248908094077
0.43804271245712706
0.12172374548903397
0.7407241330505041
0.043795274092862546
1.0
0.5682637863482671
0.8197260836308845
0.9342172764960694
0.693497591056147
0.770351801362516
0.18379631083826609
0.6799629670988165
0.4814438847999967
0.0
0.5814671396956897
0.11663878859467708
0.024607001442928544
0.02120357514558191
3.568701660405793e-05
0.9603556030491724
0.6246567293060209
0.6296336915541811
0.3249273762719018
0.30863894500166594
0.3401298450448829
0.8017040103841258
0.7904504948468154
0.734400662906172
0.16943311680356127
0.305521726725183
0.7379804619613428
0.712142761019878
0.6897529978938282
0.4058749255670664
0.35649397049950077
0.8698570604505658
0.4466164424660159
0.5021258185647887
0.4325726897044232
0.4701831067210363
0.42131010872306446
0.04094805135619839
0.11388361287107118
0.0
0.0
0.017094913812626067
0.054162837031918265
0.0
0.05618487951321882
0.017325355236738338
0.0
0.0
0.0
0.0
0.03802964697225075
0.0
0.0
0.0
0.0
0.03191666662495646
0.029693832002918363
0.0
0.003767760235397599
0.0
0.0
0.03433415059767175
0.026485554212647422
0.0
0.0
0.08010883057778356
0.022511604312359268
0.09900855333749503
0.04945215211409054
0.013005109633186018
0.04648205885488771
0.0
0.02205577838138867
0.0
0.0
0.0
0.03667445887191112
0.0
0.0
0.02374616591969414
0.0
0.03301036045739719
0.06396062854023049
0.0
0.0
0.05086551545256068
0.04001125136010747
0.03326445822807411
0.025455249560428772
0.022939614088236082
0.0
0.0
0.010912845065583543
0.5188477199727898
0.7552531878153186
0.9337237158361129
0.20432868352176609
0.8106968732030426
0.353138811512975
0.7456630772234911
0.17767448529058416
1.0
0.7465245421786412
0.5506083324513065
0.3543108337950178
0.8012672210702718
0.3516005672949609
0.53160723112925
0.8069608778093833
0.3195494833153542
0.30903687221623344
0.5943600726407371
0.6942816084529507
0.7110925076586989
0.3348705023165449
0.30134611759948904
0.45808213070262477
0.2330826135689124
0.9118616503530756
0.6906837292065797
0.0922494635012503
0.8120223072501496
0.7571673442276302
0.3203893324469584
0.7256668140823184
0.6956664490473673
0.6437150949025988
0.783939159731067
0.0
0.7392060571223991
0.5148407904872769
0.3651240984332627
0.4772604885755336
0.3882370871778712
0.47463472706023924
0.44302807832516533
0.48861382522896196
0.002008782102508988
0.0
0.029937199803787673
0.11218449306478151
0.0
0.0034303141351526567
0.0
0.0
0.0
0.012103560200892538
0.0
0.04327143474153794
0.0
0.0
0.0
0.039672918844305294
0.03398990879390412
0.03758940874737676
0.0
0.09104926821558856
0.03246573682895981
0.04505240587427256
0.01534658366212227
0.04902171105331021
0.0
0.0
0.0
0.006314479772425885
0.0
0.02648507737548922
0.0
0.0
0.03968696862272891
0.0335982299523252
0.0
0.03976822472366237
0.0
0.0
0.033998588767937654
0.07893776568233801
0.0
0.02254290150085303
0.0
0.0
0.016649328640910066
0.06324057109206555
0.0
0.05652788333012737
0.0
0.08262290493797575
0.0
0.0
0.0
0.0
0.03910079517449344
0.36693059312733345
0.0
0.13621755017371373
0.90442360517553
0.02202008391136595
0.9385120910643666
0.2990692422748236
0.014092014624783933
0.15115858317627584
0.7464124136294561
0.3711177149957069
0.9203375600997377
0.16392549160889658
0.25884277030515823
0.2590318564734895
0.04829705184803834
0.07127324027828347
0.0
0.6399135470138051
0.1694842666525384
0.8997110413503839
0.7535456395262277
0.506250663327334
0.9552804463604823
0.7537349387061979
0.613893833403699
0.7454687819496972
0.39911843814284026
0.4149299191453773
0.1194057077336741
0.7981892639012282
0.32819751215696547
0.6755615471700773
0.42971292149790336
0.3570778139892359
0.7358504488746448
0.8142680545039356
0.16527156801358434
0.23521398578690006
0.6363825674238324
0.5149996295216036
0.5705090056203764
0.500955876760011
0.538566293776624
0.4896932957786522
1.0
1.0
0.9185070063602481
0.947107268076602
1.0
1.0
0.9890335534279919
1.0
1.0
0.9242953943383098
0.9829460008164488
0.9769978086407193
0.9668481262177879
1.0
0.9453882222377606
0.9926809103948706
0.9136218644389698
0.9693500583315682
1.0
1.0
0.9460984428780977
1.0
0.9848363773978135
0.991113486983979
1.0
1.0
0.988170434349703
0.9380858692876186
1.0
1.0
1.0
1.0
1.0
1.0
0.9217800334415838
1.0
0.9972921132220087
0.9007759771217684
0.9774042191347382
1.0
0.9331910437720308
0.9949331148976147
1.0
0.9670030572236101
1.0
1.0
0.9634938622412269
0.9932884553782586
1.0
1.0
1.0
1.0
1.0
0.9493905139644195
0.9466931463448962
0.6935716191927295
0.5734580436292342
0.4077689920926279
0.15429476214957583
0.01634678952315266
0.6351121371867174
0.5037686954384418
0.6553412412838311
0.04125824531508521
0.7418535307011234
0.6712471479010054
0.46521227011774197
0.862444380714303
0.8742908146272511
0.8994799226854819
0.17681969429672323
0.0
0.19733478548940042
0.21550765692249424
0.22614232283661634
0.588596269452165
0.96611558829117
0.05329006031383082
0.5194727393204077
0.20507668674528756
0.5863034196248231
0.6484328314688559
0.585204401347287
0.3906578172596279
0.7049081644152659
0.5238877465659915
0.8972420859110758
0.4193104022527575
0.3794499703446992
0.8767112800742818
0.8299498372585075
0.4828189699420804
0.16402994789004982
0.4956832411943233
0.6834407133337245
0.5304972134226965
0.4988905646876226
0.5444763115914193
0.48033367223922774
0.5108150983291622
0.0
0.0
0.0
0.0
0.0
0.0
0.007157518989325817
0.0
0.0
0.0
0.02212940655077139
0.0
0.012781870989461486
0.0029050759205397347
0.016776726682410148
0.01813444049591717
0.09952271438845406
0.035630656014268514
0.040366474316355094
0.0
0.07270735174449283
0.0
0.03813038166975258
0.0192598370200312
0.0
0.08985353643669836
0.0
0.0010910740607398273
0.020681569548467726
0.0
0.028160461962376315
0.01984431007955323
0.0
0.0
0.0
0.04275199619521569
0.0
0.03855581728574459
0.0
0.0
0.0
0.02005000310239302
0.0
0.0
0.029940834472173106
0.0
0.0
0.04684838050508544
0.0
0.0
0.0
0.10008154039045991
0.04279455520243414
0.0
0.054434139703817
0.7083934735003345
0.3087579328676559
0.5702566958817978
0.984814594955956
0.649348718173451
0.5220943731307118
0.18133108476406617
0.035869912697980344
0.6727191031099764
0.8160063796366888
0.9143835643475898
0.6388240479651857
0.1482660699265388
0.4556194286017433
0.35917123597483225
0.6265259129415595
0.6467460422020352
0.6910848820015434
0.29410504100184215
0.7974388092894098
0.9447216676664545
0.07069432498154993
0.667601628827212
0.7692589395741358
0.23137759407881753
0.8913436796713992
0.4874872431771142
0.5460986641827267
0.6188711749532538
0.8940464466977549
0.16153864201020657
0.09140914989233229
0.0
0.6936560274339538
0.04645738685758305
0.3814290120879932
0.6916903872676075
0.3462830659879801
0.48127292667435123
0.46447257949734916
0.5088530793430758
0.5643624554418486
0.49480932658148313
0.5324197435980962
0.4835467456001244
0.9982137562264224
1.0
0.8912151124012027
0.9198153741175565
0.9743606186828501
1.0
0.9875462983315564
1.0
1.0
0.9228081392418742
0.9828353149911009
0.9768871228153714
0.96673744039244
1.0
0.9452775364124127
0.992664876745426
0.9136058307895252
0.9693340246821236
1.0
1.0
0.9460943301576082
1.0
0.984832264677324
0.9911093742634896
1.0
1.0
0.988168825024294
0.9380842599622097
1.0
1.0
1.0
1.0
1.0
1.0
0.9217791393719121
1.0
0.997291517175561
0.9007753810753206
0.9774036230882904
1.0
0.9331905669348726
0.9949326380604565
1.0
0.9670025803864519
1.0
1.0
0.9634935046133583
0.99328809775039
1.0
1.0
1.0
1.0
1.0
0.9493901563365509
0.9466927887170276
0.0
0.27079957514435565
0.9053960417771525
0.17396116568160402
0.11088252775290425
0.6036314672114367
0.2651176284199329
0.2170642053322167
0.7404269870181187
0.27693116217466457
0.3561421865057417
0.2749959970483602
0.22302920599163145
0.4698685314546437
0.265661802921154
0.518711877123719
0.9077373359880535
0.7921506953519187
0.7525385326053251
0.5564054606539992
0.8238993733759626
0.5774723235206621
0.903818121703754
0.16937687120975103
0.893932334786059
0.6830002136578737
0.0
0.8437719729873017
0.8274898578079525
0.22015467492094215
0.005237900250607497
0.5858004855883524
0.289510261395061
0.9328217872182496
0.3092252919341756
0.13850663237874666
0.9082719175586575
0.6039914409053391
0.8381636920629298
0.1097363216158137
0.46697892767135374
0.43537227893627983
0.48095802584007646
0.41681538648788496
0.44729681257781945
0.0
0.0
0.0
0.003530869529997316
0.0
0.0
0.007218673354865368
0.0
0.0
0.0
0.02212761841142813
0.0
0.012780082850118224
0.002903287781196473
0.016774938543066886
0.018133188798376887
0.09952146269091378
0.03562940431672823
0.04036522261881481
0.0
0.07270672589572269
0.0
0.038129755820982436
0.01925921117126106
0.0
0.08985314900650732
0.0
0.0010906866305487872
0.020681182118276686
0.0
0.028160193741474826
0.01984404185865174
0.0
0.0
0.0
0.04275178757895898
0.0
0.03855560866948787
0.0
0.0
0.0
0.020049794486136308
0.0
0.0
0.029940625855916392
0.0
0.0
0.046848201691151115
0.0
0.0
0.0
0.10008136157652558
0.04279437638849981
0.0
0.05443396088988267
0.7893056131753464
0.5232796776013723
0.8150284710001416
0.6925261062621205
0.8572234378219274
0.8622502549430823
0.8637794673563448
0.31082336834327756
0.5364645162766822
0.27527815334238287
0.25282131914071115
0.9444501142172829
1.0
0.5403344375501715
0.06710261387638222
0.13627680180516283
0.18009497520785106
0.05530182422585689
0.4700896429014399
0.8061841106527841
0.6252733307353235
0.44088571603096877
0.2313151880157377
0.5995797779608889
0.7572922573105676
0.4076438394966763
0.9912671672323066
0.8522173375058604
0.7644325309605544
0.2588634224009535
0.7600413559774504
0.2564839125848632
0.2575926550689478
0.49877762344282106
0.401771517533797
0.2107622501386759
0.8892190364460797
0.4547555322828411
0.061218620801205714
0.8478413115285797
0.5544784635825207
0.5920888805991338
0.5432158826011619
0.604845988892438
0.6186280123915147
0.9552391225874215
1.0
0.9035987064951891
0.9793964385197076
1.0
0.9955103866055985
1.0
0.9196764446124321
1.0
1.0
0.984469545665686
1.0
1.0
0.9769078056271084
0.9667581232041771
1.0
1.0
0.9926602275831335
0.9136011816272327
0.9693293755198311
1.0
1.0
0.977542611328273
0.9298074335557545
0.9872831585756313
0.9908174536598506
1.0
0.9716388716279722
1.0
0.9021670551410871
1.0
0.9856503320486175
1.0
0.9772875981232725
1.0
0.9903112913649837
1.0
1.0
0.947690283367798
0.9434289979144677
1.0
1.0
0.9738751395927148
0.9760016565352343
0.9820788019213817
1.0
1.0
0.9595660939439632
0.9309194806002771
0.9799605883013514
1.0
1.0
1.0
0.904283404755276
0.9462132550160318
0.017521289494056125
0.6710716219098602
0.08791197054007466
0.4436577266337389
0.8603858481293293
0.7111317848400445
0.43908524474097327
0.26387112885328395
0.17547383247131781
0.9092787648210348
0.2837789155978021
0.06719460152491041
0.22934382859215924
0.5160722556275185
0.9083526943407146
0.5799655509274803
0.9118916100169767
0.1693097112757948
0.5813233106966719
0.1393838766651171
0.9146094830356937
0.08251791320384588
0.6504560631567256
0.8644540973057924
0.0808232829001303
0.5784257439109162
0.454746430054504
0.061624856862928235
0.9515257408553897
0.3572567271960184
0.5191461556936144
0.15241155705849008
0.6571950623656941
0.0
0.5353051512012357
0.21095531381488503
0.2542339745221889
0.4814154190298304
0.779418607770841
0.5549624421671758
0.6670620254547921
0.6029193861026005
0.633400812192535
0.5815749040675937
0.5710404485613527
0.9347834067071463
0.9813331461413255
0.9450384836414661
1.0
1.0
0.9823973749602831
0.9304907692998633
1.0
0.954769058327099
0.9889324710506029
1.0
0.9769774238522061
0.9668277414292747
1.0
0.9453678374492475
0.9926773937208289
0.913618347764928
0.9693465416575264
1.0
1.0
0.9460974295991366
1.0
0.9848353641188523
0.9911124737050179
1.0
1.0
0.9881699575125448
0.9380853924504604
1.0
1.0
1.0
1.0
1.0
1.0
0.9217797354183599
1.0
0.9972918748034296
0.9007757387031893
0.9774039807161591
1.0
0.9331909245627412
0.9949329956883252
1.0
0.9670029380143206
1.0
1.0
0.9634937430319374
0.993288336168969
1.0
1.0
1.0
1.0
1.0
0.94939039475513
0.9466930271356067
0.42924754048103764
0.0
0.0758155451179175
0.5627541406890845
0.20071117283119833
0.4643392436827856
0.8972760776227363
0.9835476898375917
0.2909354198353675
0.8438120226531044
0.25802218359331675
0.2685214621435248
0.4687137333851255
0.794420679788256
0.24893825051646007
0.29648886026330196
0.08437061180593514
0.8499977564924752
0.0
0.5342118972042934
0.5522779746902372
0.6496200230170412
0.7527243957535608
0.25048167981535613
0.3182477580526191
0.25701757373098855
0.5720045977444594
0.6031943888735792
0.3877501784662352
0.665480017778955
0.8106026419463892
0.20584904697339967
0.6593617220111072
0.0
0.9391246942143292
0.5957975859823346
0.15310979034924038
0.7966515312932891
0.17205944364500547
0.2973924899703191
0.6919978378433189
0.753627944134595
0.7674099676336716
0.6930466348707467
0.7083530039357259
0.9911550847964925
0.9988448744386427
0.9488748957661259
0.9943004830728919
1.0
0.9892650649684496
1.0
0.9614810494705722
0.9529888686073172
1.0
0.9749024092124752
1.0
1.0
1.0
1.0
0.9600954944084676
1.0
1.0
0.9951655858691459
0.9582762981043778
1.0
1.0
0.9848361985838792
0.9911133081700447
1.0
1.0
0.9881702555357686
0.9380856904736843
1.0
1.0
1.0
1.0
1.0
1.0
0.9217799142322942
1.0
0.9972919940127192
0.9007758579124788
0.9774040999254486
1.0
0.9331909245627412
0.9949329956883252
1.0
0.9670029380143206
1.0
1.0
0.9634938026365821
0.9932883957736138
1.0
1.0
1.0
1.0
1.0
0.9493904543597748
0.9466930867402514
0.7567699026308339
0.7697548574091906
0.7800011168366047
0.44583869330447623
0.4366102810759648
0.4835151985249148
0.4685472780298658
0.3672816301355184
0.12912325043857664
0.9350073840509266
0.32936924401269146
0.07038540865600668
0.33701514346218986
0.0
0.0
0.481658136664131
0.12474469836909619
0.9191206041412371
0.717073372157703
0.1784993024879798
0.18229653657019296
0.9943511553158937
0.29499671906498626
0.6799642828437165
0.7893484283836666
0.10059014168729957
0.4953228166038332
0.5351959037554667
0.5496609920049548
0.7329134710828431
0.782611996855898
0.7341127806216972
0.6352863399753446
0.0034825722110337076
0.43957217366083023
0.006992666172622175
0.8181203804606604
0.7118034222201238
0.31275634088829424
0.8931919796008305
0.5940642500358577
0.5422383419109165
0.5317038864046755
0.5161106066430594
0.5465383138779591
0.39820284024320296
0.5735808270886092
0.4251874346487642
0.5456165024758047
0.3157574414044988
0.9059060714969549
0.9114638929114471
0.9071995450419907
0.9178781367653651
0.9610147576076599
0.9525278202314837
1.0
0.9474494267067842
0.9934833375368342
1.0
0.9805573887422085
1.0
0.9700716690470985
0.9707532745247678
0.9722890354164517
0.9830877590334139
1.0
1.0
0.9698398564748527
1.0
1.0
1.0
1.0
1.0
1.0
1.0
1.0
0.9873960724311364
0.9488060343165697
0.9603812215048007
0.9972605162517202
0.9713663592305575
1.0
0.893038123821677
1.0
0.9972673176897822
0.9863595032124064
0.9858562260896906
0.9540384006957233
0.995509408263141
0.917308927867384
1.0
0.9082501820454882
0.9694781477776532
0.9693566202168764
0.9776931099689976
1.0
0.888956126944016
0.9783869541529671
0.9762645856875047
0.21922169784313722
0.9656931622764563
1.0
0.4445842378462988
0.32067054902967296
0.453825595301764
0.3427221405880836
0.3950989584593788
0.37908473056177683
0.3429474872957312
0.8098765639763272
0.8060371482178215
0.34507616159777416
0.4233040899176141
0.46542754640104317
0.7563411569708383
0.2079770403376795
0.010324441740883927
0.5459657235992338
0.9175954129744692
0.9367629156128747
0.7366239575329465
0.7479702459791022
0.7193352788854075
0.9097683244557326
0.6495072574687025
0.05639260996380907
0.723690331099115
0.8601764806571741
0.8452987625877185
0.2572152037806689
0.8963349935545084
0.655493309841618
0.6536465759458661
0.018256993556256373
0.8188182602666778
0.3045254618449261
0.5538910055762456
0.6084919689315758
0.7029883147705813
0.6102381818022202
0.5358748490392953
0.5511812181042745
0.5576273171382589
0.6040803704670978
0.9579585521981967
0.9898482545267493
1.0
0.9963835924456316
1.0
1.0
0.9793025728301203
0.9755495734546425
0.9639501946727409
0.9597609058942415
0.9791802751538634
1.0
1.0
1.0
1.0
1.0
0.9763146347538139
0.9672644167309601
1.0
0.8970854080297557
1.0
1.0
0.9688880083835167
1.0
0.9504575430650061
0.9627809250857409
0.9728211984063619
1.0
0.9485162156380642
0.9078582825808779
1.0
0.9291559470199731
1.0
0.9171319659744279
0.969378429653095
1.0
1.0
0.936110916363357
1.0
1.0
1.0
0.8868112333929361
1.0
1.0
1.0
1.0
1.0
1.0
1.0
0.993170051186447
1.0
1.0
1.0
1.0
0.9503269457003767
