0.09661399548532731, 0.016363952075013025, 0.00014585865601666957, 0.012599409619725646, 0.009730856051397813
0.07613286318657422, 0.01301889573021915, 0.002490915168702891, 0.009963660674811563, 0.00768840915707862
0.06783427193448976, 0.01201603757318782, 0.0031254325700672443, 0.009111595184842503, 0.0070328303985351505
0.06401142151283729, 0.011458167243057198, 0.0036177898492954106, 0.008661436082963582, 0.006687596332360159
0.0633640028825169, 0.011264418088233783, 0.0038174268986965565, 0.008497847652231088, 0.006550240772350146
0.06453527059613565, 0.011285369799456671, 0.0037398125820335155, 0.00854430572937334, 0.00658587955190623
0.06316394575877192, 0.011046924515654618, 0.0039116875433364414, 0.008352066564774671, 0.006445000875907508
0.061888840343091035, 0.01080506818129556, 0.004028790213167153, 0.008151401568284774, 0.006286016510681353
0.0619399915444192, 0.01056456948091402, 0.0040871366410409685, 0.007955115094847247, 0.006134793733711354
0.06060192638271167, 0.010498424425134567, 0.004095830939673882, 0.007909953665635948, 0.006100973958214265
0.05956105484900558, 0.010396458139851903, 0.0041869213604170405, 0.007816481898196366, 0.006027555113248332
0.0681844300148424, 0.010182942734856164, 0.0037966378716451834, 0.0076078688420923345, 0.005868857901524553
0.07506158761279022, 0.010066858612179482, 0.0034782483054723364, 0.007474427178239803, 0.005767812615832782
0.07345580191228919, 0.010055423799388088, 0.00360991783415275, 0.007486738892610246, 0.0057777306501628056
0.0724568446775868, 0.009969688163781586, 0.003702308660462467, 0.007414287710530426, 0.005719551932168019
0.07138060956768755, 0.010010246780799249, 0.003762752293494679, 0.007453772581394262, 0.005750364448528427
0.07059789827622716, 0.009991850633447482, 0.0038316995386303504, 0.007448649365483048, 0.005745196472457922
0.07541239712889675, 0.009967659768406871, 0.003593492797167251, 0.007406839792486523, 0.005715406764368053
0.0743858249342686, 0.009959729407810263, 0.0036368771885881084, 0.007403180611645544, 0.005712645590238825
0.0785858182870308, 0.00991034218769375, 0.0034425437012196984, 0.0073415533139604885, 0.0056670063204354755
0.07758013949525959, 0.00989219885873748, 0.0034995517570608975, 0.007334385804326101, 0.005662088246435912
0.08146931640654871, 0.009787654844838711, 0.003329475194401067, 0.007235556139826244, 0.005587088456593659
0.0802511385268764, 0.009764280892237125, 0.003393831296899434, 0.007228573789482054, 0.005580301809014357
0.08360811581929388, 0.0096863985717357, 0.0032426761757414517, 0.007150836925651576, 0.00552072681144574
0.08263009553780502, 0.009691859918290148, 0.0032924650663367244, 0.007158402818535347, 0.005525463645233673
0.08547176066001791, 0.009630416578956085, 0.0031608658149912144, 0.007098603300801262, 0.005479436305419515
0.08792753458372543, 0.009612609221959086, 0.0030382148491700195, 0.007071308488853182, 0.005460277205588235
0.08689948190471358, 0.009599157857355748, 0.003101722968045506, 0.007062329970258667, 0.005454902880914181
0.08924055035235974, 0.009565392476890693, 0.0029858140882882333, 0.007026449861191617, 0.0054268891668446265
0.08807288497101971, 0.009568397605950855, 0.0030493994198034897, 0.007033730569029796, 0.005430213940077871
0.09027352082346904, 0.009524204665421818, 0.0029414493596768166, 0.006985799750285699, 0.005394594873083173
0.08904642861804908, 0.00952148745391642, 0.0030070067616167788, 0.006989282878336697, 0.0053951776824387575
0.08809165156780052, 0.009512876523610415, 0.003061884617805855, 0.006985763557879417, 0.005392835864635953
0.08714247616716617, 0.009503270051292097, 0.00313587445809788, 0.0069788660522585875, 0.00538837458496547
0.08640865365966792, 0.009538862895244927, 0.0031575524865928915, 0.007010465129739299, 0.005413005143918635
0.08535304546268034, 0.009538471578285412, 0.0032123177077925994, 0.007013151636860179, 0.005414705193121717
