0.98
0.48
0.74
0.12
0.87
0.24
0.16
0.86
0.33
0.97
0.76
0.43
0.25
0.25
0.42
0.21
0.86
0.12
0.31
0.1
0.44
0.78
0.21
0.13
0.65
0.37
0.56
0.34
0.2
0.12
0.71
0.16
0.41
0.29
0.8
0.94
0.91
0.13
0.52
0.36
0.55
0.22
0.46
0.04
0.42
0.71
0.2
0.77
0.62
0.43
0.18
0.27
0.13
0.84
0.26
0.32
0.46
0.81
0.86
0.01
0.1
0.85
0.09
0.22
0.02
0.59
0.08
0.36
0.09
0.1
0.41
0.3
0.85
0.47
0.2
0.51
0.46
0.71
0.64
0.86
0.72
0.96
0.4
0.79
0.56
0.69
0.87
0.0
0.72
0.06
0.33
0.82
0.86
0.23
0.65
0.59
0.68
0.55
0.03
0.96
0.77
0.62
0.29
0.42
0.48
0.69
0.44
0.77
0.94
0.02
0.17
0.02
0.11
0.71
0.18
0.62
0.48
0.3
0.6
0.48
0.31
0.83
0.88
0.81
0.38
0.41
0.58
0.94
0.13
0.29
0.01
0.14
0.07
0.2
0.54
0.23
0.3
0.66
0.44
0.82
0.38
0.26
0.29
0.78
0.26
0.08
0.82
0.7
0.18
0.64
0.78
0.71
0.94
0.93
0.44
0.66
0.28
0.33
0.79
0.02
0.87
0.76
0.75
0.1
0.75
0.47
0.12
0.05
0.87
0.64
0.36
0.36
0.43
0.13
0.58
0.78
0.81
0.16
0.78
0.8
0.0
0.44
0.35
0.57
0.22
0.64
0.25
0.59
0.31
0.8
0.72
0.75
0.27
0.29
0.22
0.81
0.39
0.58
0.21
0.48
0.35
0.07
0.55
0.91
0.2
0.38
0.2
0.22
0.25
0.96
0.14
0.11
0.74
0.14
0.91
0.5
0.41
0.79
0.56
0.69
0.7
0.37
0.18
0.15
0.55
0.55
0.9
0.4
0.27
0.62
0.24
0.99
0.7
0.74
0.45
0.55
0.3
0.47
0.28
0.12
0.46
0.26
0.83
0.36
0.4
0.46
0.43
0.04
0.16
0.37
0.58
0.58
0.39
0.54
0.52
0.86
0.27
0.46
0.57
0.06
0.72
0.12
0.12
0.89
0.81
0.75
0.53
0.21
0.27
0.82
0.26
0.77
0.88
0.02
0.93
0.51
0.62
0.29
0.06
0.34
0.61
0.98
0.93
0.21
0.76
0.38
0.45
0.04
0.0
0.1
0.67
0.04
0.48
0.28
0.2
0.92
0.06
0.42
0.04
0.98
0.95
0.27
0.42
0.03
0.45
0.29
0.34
0.31
0.78
0.58
0.13
0.61
0.57
0.3
0.1
0.63
0.53
0.45
0.68
0.92
0.56
0.03
0.63
0.04
0.42
0.31
0.3
0.84
0.73
0.88
0.19
0.87
0.26
0.63
0.1
0.19
0.44
0.14
0.72
0.71
0.13
0.79
0.62
0.18
0.78
0.74
0.89
0.47
0.65
0.65
0.59
0.64
0.35
0.5
0.54
0.96
0.96
0.37
0.77
0.87
0.68
0.88
0.16
0.83
0.2
0.75
0.24
0.65
0.2
0.59
0.53
0.26
0.2
0.11
0.84
0.04
0.52
0.35
0.31
0.6
0.82
0.05
0.83
0.86
0.75
0.28
0.12
0.42
0.85
0.86
0.45
0.0
0.73
0.51
0.2
0.05
0.85
0.18
0.2
0.05
0.6
0.91
0.61
0.26
0.97
0.04
0.67
0.28
0.91
0.77
0.05
0.42
0.36
0.36
0.6
0.03
0.26
0.73
0.18
0.67
0.42
0.07
0.83
0.31
0.74
0.99
0.41
0.66
0.98
0.7
0.84
0.24
0.62
0.09
0.16
0.49
0.74
0.08
0.15
0.94
0.24
0.42
0.17
0.0
0.67
0.86
0.38
0.55
0.72
0.09
0.77
0.99
0.53
0.12
0.91
0.1
0.26
0.0
0.86
0.01
0.57
0.56
0.29
0.09
0.78
0.95
0.86
0.39
0.48
0.75
0.31
0.68
0.1
0.14
0.48
0.23
0.72
0.49
0.48
0.57
0.91
0.08
0.08
0.87
0.89
0.62
0.52
0.96
0.66
0.12
0.33
0.84
0.81
0.31
0.23
0.73
0.26
0.78
0.56
0.9
0.69
0.74
0.97
0.14
0.13
0.76
0.24
0.44
0.18
0.68
0.97
0.53
0.21
0.57
0.78
0.17
0.36
0.47
0.94
0.18
0.87
0.48
0.46
0.5
0.44
0.84
0.71
0.01
0.46
0.99
0.55
0.3
0.8
0.03
0.47
0.0
0.87
0.64
0.21
0.45
0.08
0.86
0.11
0.82
0.02
0.06
0.36
0.31
0.97
0.32
0.29
0.34
0.36
0.57
0.05
0.59
0.9
0.44
0.53
0.8
0.0
0.25
0.74
0.33
0.74
0.16
0.42
0.71
0.94
0.76
0.29
0.54
0.11
0.4
0.1
0.71
0.32
0.44
0.87
0.09
0.18
0.38
0.14
0.96
0.61
0.64
0.94
0.97
0.94
0.77
0.81
0.09
0.27
0.72
0.05
0.17
0.32
0.96
0.35
0.5
0.99
0.75
0.03
0.43
0.05
0.15
0.87
0.68
0.45
0.24
0.6
0.9
0.47
0.93
0.94
0.96
0.5
0.19
0.17
0.97
0.78
0.08
0.71
0.42
0.69
0.3
0.78
0.94
0.55
0.9
0.34
0.21
0.31
0.31
0.78
0.74
0.23
0.59
0.27
0.76
0.43
0.73
0.65
0.62
0.8
0.4
0.45
0.52
0.63
0.62
0.9
0.74
0.45
0.32
0.22
0.55
0.39
0.64
0.7
0.37
0.3
0.52
0.56
0.22
0.98
0.02
0.64
0.29
0.31
0.32
0.76
0.71
0.95
0.69
0.72
0.21
0.37
0.32
0.71
0.91
0.51
0.41
0.32
0.36
0.35
0.89
0.43
0.56
0.33
0.18
0.77
0.52
0.27
0.95
0.34
0.51
0.79
0.06
0.6
0.04
0.63
0.7
0.43
0.17
0.8
0.8
0.98
0.05
0.51
0.61
0.4
0.53
0.87
0.08
0.14
0.84
0.27
0.0
0.43
0.37
0.42
0.17
0.42
0.45
0.44
0.07
0.07
0.17
0.09
0.28
0.58
0.54
0.4
0.15
0.66
0.67
0.39
0.78
0.08
0.62
0.95
0.25
0.56
0.38
0.28
0.35
0.41
0.34
0.51
0.93
0.32
0.43
0.79
0.83
0.51
0.47
0.7
0.73
0.49
0.23
0.61
0.39
0.73
0.2
0.15
0.72
0.77
0.06
0.26
0.32
0.94
0.56
0.79
0.44
0.78
0.6
0.52
0.24
0.57
0.97
0.19
0.71
0.75
0.01
0.77
0.27
0.64
0.77
0.6
0.82
0.79
0.51
0.83
0.32
0.98
0.13
0.01
0.73
0.64
0.03
0.72
0.5
0.52
0.05
0.83
0.2
0.03
0.93
0.33
0.1
0.99
0.49
0.43
0.75
0.23
0.25
0.8
0.79
0.88
0.78
0.44
0.83
0.66
0.44
0.84
0.54
0.91
0.36
0.62
0.71
0.33
0.31
0.19
0.15
0.51
0.54
0.09
0.65
0.59
0.95
0.03
0.15
0.26
0.28
0.44
0.79
0.42
0.84
0.38
0.4
0.07
0.9
0.28
0.8
0.0
0.07
0.68
0.92
0.65
0.21
0.03
0.21
0.64
0.9
0.6
0.79
0.71
0.18
0.84
0.44
0.47
0.02
0.89
0.82
0.61
0.24
0.88
0.99
0.69
0.4
0.59
0.96
0.18
0.46
0.58
0.13
0.8
0.16
0.98
0.52
0.07
0.19
0.99
0.69
0.43
0.29
0.65
0.03
0.89
0.53
0.51
0.49
0.71
0.4
0.46
0.67
0.23
0.97
0.7
0.27
0.69
0.94
0.6
0.08
0.25
0.75
0.83
0.14
0.06
0.62
0.3
0.85
0.3
0.63
0.28
0.26
0.69
0.81
0.86
0.12
0.45
0.87
0.81
0.32
0.53
0.73
0.36
0.94
0.1
0.47
0.04
0.75
0.8
0.65
0.57
0.44
0.93
0.16
0.83
0.23
0.92
0.89
0.16
0.56
0.43
0.71
0.55
0.35
0.49
0.97
0.55
0.15
0.28
0.32
0.57
0.53
0.85
0.79
0.46
0.19
0.2
0.16
0.49
0.64
0.09
0.55
0.28
0.74
0.35
0.41
0.63
0.92
0.27
0.35
0.33
0.84
0.25
0.43
0.05
0.28
0.56
0.33
0.57
0.73
0.72
0.43
0.47
0.48
0.52
0.6
0.89
0.81
0.48
0.52
0.79
0.99
0.89
0.33
0.09
0.57
0.01
0.67
0.26
0.39
0.42
0.42
0.04
0.03
0.35
0.92
0.2
0.59
0.4
0.96
0.03
0.4
0.08
0.96
0.2
0.04
0.64
0.09
0.04
0.73
0.67
0.94
0.07
0.25
0.32
0.1
0.05
0.8
0.43
0.47
0.58
0.63
0.45
0.72
0.48
0.89
0.44
0.15
0.08
0.55
0.5
0.29
0.56
0.76
0.98
0.0
0.81
0.98
0.19
0.71
0.78
0.18
0.04
0.56
0.9
0.79
0.32
0.53
0.35
0.54
0.69
0.85
0.72
0.91
0.41
0.89
0.78
0.53
0.19
0.76
0.13
0.84
0.74
0.12
0.51
0.56
0.22
0.54
0.82
0.51
0.91
0.02
0.06
0.01
0.02
0.54
0.7
0.14
0.39
0.75
0.19
0.57
0.53
0.12
0.87
0.99
0.67
0.94
0.67
0.6
0.36
0.82
0.33
0.55
0.03
0.14
0.42
0.78
0.69
0.3
0.92
0.06
0.72
0.6
0.42
0.85
0.55
0.02
0.56
0.36
0.92
0.97
0.98
0.76
0.33
0.14
0.31
0.18
0.16
0.8
0.53
0.54
0.29
0.8
0.96
0.31
0.09
0.36
0.47
0.45
0.81
0.47
0.16
0.88
0.73
0.18
0.79
0.84
0.33
0.81
0.65
0.04
0.78
0.82
0.76
0.28
0.64
0.52
0.35
0.83
0.89
0.02
0.61
0.06
0.69
0.0
0.38
0.73
0.96
0.39
0.82
0.97
0.23
0.05
0.61
0.45
0.97
0.5
0.38
0.68
0.26
0.29
0.64
0.35
0.64
0.44
0.93
0.69
0.08
0.29
0.52
0.96
0.08
0.7
0.96
0.15
0.79
0.75
0.72
0.98
0.31
0.94
0.48
0.58
0.78
0.2
0.74
0.59
0.21
0.52
0.6
0.93
0.44
0.4
0.39
0.72
0.91
0.22
0.49
0.71
0.35
0.31
0.63
0.48
0.95
0.98
0.11
0.09
0.78
0.5
0.08
0.28
0.69
0.6
0.54
0.81
0.64
0.24
0.75
0.07
0.07
0.35
0.26
0.8
0.27
0.34
0.84
0.5
0.03
0.48
0.56
0.37
0.75
0.34
0.98
0.79
0.5
0.67
0.59
0.72
0.3
0.65
0.88
0.17
0.99
0.02
0.6
0.39
0.23
0.56
0.35
0.42
0.11
0.47
0.53
0.82
0.0
0.66
0.83
0.54
0.02
0.63
0.22
0.82
0.66
0.49
0.26
0.85
0.24
0.97
0.39
0.48
0.78
0.17
0.01
0.11
0.11
0.14
0.97
0.4
0.34
0.87
0.92
0.3
0.87
0.51
0.79
0.39
0.46
0.71
0.71
0.73
0.61
0.91
0.48
0.92
0.36
0.54
0.63
0.35
0.53
0.28
0.68
0.19
0.38
0.69
0.08
0.73
0.86
0.16
0.29
0.7
0.65
0.97
0.99
0.65
0.49
0.85
0.13
0.48
0.72
0.67
0.97
0.69
0.4
0.74
0.85
0.71
0.96
0.96
0.8
0.49
0.3
0.54
0.45
0.12
0.33
0.72
0.65
0.66
0.54
0.59
0.47
0.23
0.08
0.08
0.89
0.86
0.23
0.36
0.55
0.03
0.21
0.89
0.0
0.75
0.2
0.39
0.24
0.14
0.57
0.52
0.43
0.54
0.91
0.71
0.35
0.1
0.11
0.2
0.78
0.75
0.55
0.54
0.29
0.24
0.71
0.07
0.96
0.05
0.16
0.11
0.01
0.64
0.7
0.43
0.42
0.88
0.01
0.6
0.54
0.46
0.13
0.22
0.3
0.53
0.1
0.82
0.29
0.01
0.41
0.05
0.85
0.78
0.12
0.22
0.97
0.58
0.23
0.65
0.11
0.9
0.25
0.19
0.8
0.87
0.29
0.87
0.74
0.62
0.14
0.87
0.27
0.78
0.79
0.5
0.33
0.45
0.27
0.36
0.55
0.82
0.74
0.47
0.58
0.99
0.44
0.7
0.68
0.19
0.85
0.12
0.59
0.85
0.66
0.81
0.64
0.27
0.18
0.15
0.24
0.04
0.96
0.91
0.57
0.28
0.91
0.76
0.76
0.19
0.42
0.03
0.54
0.13
0.65
0.8
0.53
0.86
0.66
0.87
0.46
0.09
0.77
0.19
0.99
0.93
0.71
0.5
0.63
0.02
0.46
0.29
0.98
0.48
0.76
0.39
0.11
0.23
0.77
0.69
0.69
0.38
0.97
0.22
0.28
0.14
0.22
0.0
0.68
0.53
0.69
0.08
0.61
0.43
0.89
0.71
0.08
0.05
0.71
0.31
0.41
0.72
0.27
0.31
0.2
0.2
0.0
0.54
0.12
0.79
0.39
0.19
0.47
0.68
0.1
0.4
0.12
0.65
0.91
0.45
0.78
0.18
0.2
0.57
0.98
0.73
0.98
0.51
0.17
0.17
0.73
0.88
0.21
0.19
0.11
0.8
0.29
0.35
0.53
0.4
0.72
0.07
0.38
0.89
0.36
0.93
0.34
0.29
0.94
0.02
0.97
0.54
0.07
0.38
0.71
0.1
0.5
0.03
0.05
0.79
0.75
0.71
0.38
0.78
0.98
0.19
0.36
0.72
0.88
0.68
0.99
0.29
0.57
0.17
0.29
0.06
0.07
0.94
0.99
0.98
0.84
0.18
0.9
0.85
0.88
0.25
0.63
0.06
0.51
0.17
0.02
0.47
0.62
0.73
0.89
0.82
0.46
0.34
0.06
0.19
0.61
0.23
0.74
0.51
0.8
0.87
0.63
0.59
0.48
0.6
0.62
0.72
0.99
0.36
0.9
0.69
0.44
0.2
0.33
0.93
0.8
0.55
0.36
0.23
0.18
0.44
0.99
0.19
0.62
0.12
0.34
0.4
0.44
0.01
0.76
0.13
0.43
0.47
0.34
0.47
0.21
0.98
0.68
0.83
0.88
0.4
0.64
0.27
0.18
0.17
0.54
0.24
0.2
0.74
0.91
0.79
0.75
0.07
0.61
0.64
0.3
0.78
0.09
0.58
0.6
0.78
0.6
0.71
0.76
0.52
0.74
0.94
0.22
0.96
0.45
0.5
0.32
0.36
0.93
0.69
0.17
0.9
0.34
0.01
0.93
0.96
0.26
0.37
0.58
0.37
0.26
0.78
0.93
0.02
0.87
0.77
0.71
0.6
0.57
0.12
0.89
0.52
0.19
0.26
0.57
0.0
0.02
0.04
0.76
0.87
0.33
0.62
0.03
0.77
0.85
0.75
0.96
0.19
0.98
0.1
0.17
0.11
0.79
0.33
0.24
0.89
0.82
0.96
0.0
0.62
0.71
0.13
0.29
0.71
0.8
0.24
0.51
0.45
0.03
0.57
0.49
0.21
0.95
0.81
0.19
0.06
0.95
0.68
0.18
0.06
0.11
0.57
0.79
0.33
0.8
0.53
0.69
0.05
0.36
0.45
0.65
0.4
0.32
0.69
0.26
0.56
0.42
0.39
0.7
0.61
0.51
0.81
0.71
0.5
0.75
0.04
0.97
0.61
0.79
0.87
0.44
0.09
0.09
0.89
0.93
0.33
0.78
0.2
0.37
0.94
0.86
0.7
0.01
0.13
0.6
0.41
0.27
0.08
0.37
0.14
0.04
0.73
0.11
0.27
0.81
0.78
0.43
0.26
0.72
0.92
0.04
0.98
0.63
0.22
0.11
0.69
0.93
0.63
0.15
0.62
0.71
0.09
0.41
0.27
0.25
0.65
0.3
0.5
0.03
0.12
0.57
0.09
0.88
0.05
0.62
0.53
0.72
0.37
0.24
0.91
0.57
0.54
0.44
0.27
0.6
0.29
0.04
0.49
0.05
0.24
0.41
0.42
0.04
0.66
0.93
0.57
0.1
0.36
0.25
0.43
0.79
0.82
0.66
0.58
0.09
0.94
0.16
0.13
0.38
0.05
0.76
0.26
0.75
0.44
0.2
0.14
0.29
0.19
0.85
0.33
0.33
0.59
0.2
0.75
0.29
0.02
0.51
0.27
0.83
0.0
0.87
0.44
0.12
0.72
0.2
0.18
0.19
0.61
0.83
0.11
0.12
0.68
0.33
0.64
0.99
0.22
0.52
0.67
0.39
0.73
0.5
0.43
0.71
0.69
0.31
0.23
0.25
0.66
0.02
0.32
0.37
0.0
0.35
0.61
0.96
0.83
0.03
0.48
0.61
0.5
0.54
0.85
0.05
0.34
0.59
0.38
0.36
0.13
0.62
0.88
0.07
0.08
0.04
0.24
0.59
0.45
0.11
0.06
0.4
0.18
0.28
0.5
0.92
0.5
0.82
0.57
0.31
0.24
0.12
0.18
0.77
0.11
0.76
0.78
0.43
0.86
0.01
0.57
0.0
0.14
0.1
0.01
0.73
0.13
0.96
0.97
0.61
0.42
0.21
0.51
0.95
0.91
0.65
0.58
0.38
0.77
0.38
0.97
0.2
0.94
0.91
0.6
0.96
0.63
0.08
0.61
0.82
0.37
0.55
0.28
0.69
0.41
0.94
0.27
0.94
0.93
0.15
0.61
0.48
0.21
0.69
0.31
0.4
0.18
0.21
0.04
0.42
0.63
0.27
0.69
0.83
0.11
0.42
0.48
0.81
0.55
0.24
0.2
0.49
0.62
0.35
0.23
0.08
0.12
0.14
0.76
0.5
0.78
0.62
0.06
0.46
0.39
0.65
0.04
0.09
0.59
0.64
0.43
0.44
0.81
0.11
0.51
0.35
0.49
0.61
0.28
0.49
0.82
0.66
0.36
0.43
0.15
0.66
0.5
0.2
0.28
0.22
0.35
0.86
0.76
0.79
0.1
0.3
0.55
0.34
0.05
0.46
0.26
0.59
0.39
0.57
0.96
0.01
0.81
0.56
0.32
0.34
0.94
0.99
0.66
0.17
0.87
0.23
0.21
0.01
0.69
0.01
0.45
0.73
0.61
0.28
0.84
0.94
0.53
0.13
0.19
0.76
0.96
0.22
0.69
0.64
0.66
0.64
0.16
0.88
0.64
0.79
0.41
0.64
0.72
0.67
0.95
0.42
0.13
0.46
0.26
0.82
0.45
0.25
0.47
0.52
0.86
0.42
0.76
0.01
0.16
0.7
0.2
0.43
0.83
0.74
0.35
0.57
0.61
0.05
0.73
0.69
0.28
0.84
0.16
0.28
0.46
0.82
0.77
0.41
0.77
0.85
0.93
0.02
0.5
0.58
0.98
0.17
0.73
0.77
0.33
0.38
0.96
0.08
0.65
0.79
0.41
0.35
0.28
0.55
0.38
0.63
0.78
0.26
0.83
0.15
0.98
0.84
0.96
0.43
0.57
0.82
0.43
0.74
0.16
0.79
0.11
0.3
0.7
0.77
0.88
0.66
0.65
0.32
0.73
0.83
0.09
0.72
0.52
0.83
0.89
0.35
0.99
0.13
0.04
0.42
0.92
0.74
0.81
0.41
0.87
0.73
0.98
0.7
0.99
0.19
0.9
0.74
0.08
0.49
0.7
0.56
0.21
0.67
0.21
0.64
0.96
0.11
0.99
0.36
0.19
0.98
0.01
0.39
0.79
0.77
0.98
0.68
0.16
0.85
0.0
0.8
0.68
0.02
0.89
0.92
0.52
0.4
0.73
0.78
0.05
0.3
0.9
0.32
0.49
0.84
0.8
0.7
0.18
0.16
0.12
0.44
0.1
0.12
0.68
0.62
0.48
0.75
0.78
0.4
0.52
0.49
0.13
0.47
0.33
0.43
0.87
0.09
0.57
0.79
0.09
0.45
0.38
0.51
0.66
0.62
0.2
0.05
0.72
0.07
0.89
0.89
0.98
0.73
0.86
0.93
0.51
0.65
0.28
0.57
0.87
0.09
0.84
0.09
0.6
0.22
0.88
0.28
0.73
0.44
0.9
0.56
0.29
0.57
0.82
0.65
0.36
0.56
0.87
0.71
0.89
0.04
0.23
0.68
0.33
0.15
0.98
0.02
0.53
0.33
0.3
0.39
0.26
0.21
0.39
0.51
0.47
0.8
0.91
0.73
0.8
0.78
0.23
0.56
0.25
0.95
0.86
0.05
0.66
0.7
0.06
0.52
0.65
0.69
0.55
0.18
0.95
0.48
0.17
0.48
0.19
0.6
0.7
0.96
0.72
0.96
0.64
0.48
0.97
0.76
0.15
0.14
0.84
0.66
0.12
0.62
0.77
0.8
0.21
0.42
0.24
0.95
0.23
0.86
0.39
0.31
0.77
0.7
0.92
0.44
0.83
0.31
0.34
0.05
0.87
0.39
0.83
0.83
0.38
0.39
0.27
0.24
0.16
0.2
0.92
0.29
0.65
0.57
0.31
0.63
0.86
0.35
0.68
0.89
0.78
0.83
0.57
0.71
0.09
0.45
0.97
0.57
0.95
0.98
0.59
0.35
0.44
0.45
0.87
0.72
0.51
0.78
0.56
0.39
0.7
0.39
0.75
0.91
0.38
0.16
0.23
0.0
0.96
0.86
0.5
0.06
0.63
0.79
0.87
0.73
0.74
