reward_state=0
current_hist=[13910  2356    21  1814  1401]
[13910.0, 2356.0, 21.0, 1814.0, 1401.0]
den=1
curr_probs=[0.09661399548532731, 0.016363952075013025, 0.00014585865601666957, 0.012599409619725646, 0.009730856051397813]
norm_factor=143975.0

 
reward_state=2
current_hist=[7271 1266  672  958  738]
[21181.0, 3622.0, 693.0, 2772.0, 2139.0]
den=2
curr_probs=[0.07613286318657422, 0.01301889573021915, 0.002490915168702891, 0.009963660674811563, 0.00768840915707862]
norm_factor=278211.0

 
reward_state=2
current_hist=[6752 1326  594  980  757]
[27933.0, 4948.0, 1287.0, 3752.0, 2896.0]
den=3
curr_probs=[0.06783427193448976, 0.01201603757318782, 0.0031254325700672443, 0.009111595184842503, 0.0070328303985351505]
norm_factor=411783.0

 
reward_state=2
current_hist=[6994 1304  687  974  753]
[34927.0, 6252.0, 1974.0, 4726.0, 3649.0]
den=4
curr_probs=[0.06401142151283729, 0.011458167243057198, 0.0036177898492954106, 0.008661436082963582, 0.006687596332360159]
norm_factor=545637.0

 
reward_state=2
current_hist=[8246 1423  627 1064  814]
[43173.0, 7675.0, 2601.0, 5790.0, 4463.0]
den=5
curr_probs=[0.0633640028825169, 0.011264418088233783, 0.0038174268986965565, 0.008497847652231088, 0.006550240772350146]
norm_factor=681349.0

 
reward_state=2
current_hist=[9683 1568  462 1208  931]
[52856.0, 9243.0, 3063.0, 6998.0, 5394.0]
den=6
curr_probs=[0.06453527059613565, 0.011285369799456671, 0.0037398125820335155, 0.00854430572937334, 0.00658587955190623]
norm_factor=819025.0

 
reward_state=2
current_hist=[7358 1288  666  964  750]
[60214.0, 10531.0, 3729.0, 7962.0, 6144.0]
den=7
curr_probs=[0.06316394575877192, 0.011046924515654618, 0.0039116875433364414, 0.008352066564774671, 0.006445000875907508]
norm_factor=953297.0

 
reward_state=3
current_hist=[7070 1216  651  900  690]
[67284.0, 11747.0, 4380.0, 8862.0, 6834.0]
den=8
curr_probs=[0.061888840343091035, 0.01080506818129556, 0.004028790213167153, 0.008151401568284774, 0.006286016510681353]
norm_factor=1087175.0

 
reward_state=0
current_hist=[8460 1172  618  866  668]
[75744.0, 12919.0, 4998.0, 9728.0, 7502.0]
den=9
curr_probs=[0.0619399915444192, 0.01056456948091402, 0.0040871366410409685, 0.007955115094847247, 0.006134793733711354]
norm_factor=1222861.0

 
reward_state=2
current_hist=[6433 1317  556  998  771]
[82177.0, 14236.0, 5554.0, 10726.0, 8273.0]
den=10
curr_probs=[0.06060192638271167, 0.010498424425134567, 0.004095830939673882, 0.007909953665635948, 0.006100973958214265]
norm_factor=1356013.0

 
reward_state=1
current_hist=[6519 1246  681  914  703]
[88696.0, 15482.0, 6235.0, 11640.0, 8976.0]
den=11
curr_probs=[0.05956105484900558, 0.010396458139851903, 0.0041869213604170405, 0.007816481898196366, 0.006027555113248332]
norm_factor=1489161.0

 
reward_state=4
current_hist=[23441  1265     9   872   676]
[112137.0, 16747.0, 6244.0, 12512.0, 9652.0]
den=12
curr_probs=[0.0681844300148424, 0.010182942734856164, 0.0037966378716451834, 0.0076078688420923345, 0.005868857901524553]
norm_factor=1644613.0

 
reward_state=1
current_hist=[22934  1368    15   938   727]
[135071.0, 18115.0, 6259.0, 13450.0, 10379.0]
den=13
curr_probs=[0.07506158761279022, 0.010066858612179482, 0.0034782483054723364, 0.007474427178239803, 0.005767812615832782]
norm_factor=1799469.0

 
reward_state=2
current_hist=[6940 1325  720 1024  791]
[142011.0, 19440.0, 6979.0, 14474.0, 11170.0]
den=14
curr_probs=[0.07345580191228919, 0.010055423799388088, 0.00360991783415275, 0.007486738892610246, 0.0057777306501628056]
norm_factor=1933285.0

 
reward_state=1
current_hist=[7842 1179  678  860  659]
[149853.0, 20619.0, 7657.0, 15334.0, 11829.0]
den=15
curr_probs=[0.0724568446775868, 0.009969688163781586, 0.003702308660462467, 0.007414287710530426, 0.005719551932168019]
norm_factor=2068169.0

 
reward_state=0
current_hist=[7373 1430  631 1084  837]
[157226.0, 22049.0, 8288.0, 16418.0, 12666.0]
den=16
curr_probs=[0.07138060956768755, 0.010010246780799249, 0.003762752293494679, 0.007453772581394262, 0.005750364448528427]
norm_factor=2202643.0

 
reward_state=2
current_hist=[7804 1308  669  994  764]
[165030.0, 23357.0, 8957.0, 17412.0, 13430.0]
den=17
curr_probs=[0.07059789827622716, 0.009991850633447482, 0.0038316995386303504, 0.007448649365483048, 0.005745196472457922]
norm_factor=2337605.0

 
reward_state=3
current_hist=[22940  1488     0  1050   816]
[187970.0, 24845.0, 8957.0, 18462.0, 14246.0]
den=18
curr_probs=[0.07541239712889675, 0.009967659768406871, 0.003593492797167251, 0.007406839792486523, 0.005715406764368053]
norm_factor=2492561.0

 
reward_state=2
current_hist=[7440 1319  597  986  761]
[195410.0, 26164.0, 9554.0, 19448.0, 15007.0]
den=19
curr_probs=[0.0743858249342686, 0.009959729407810263, 0.0036368771885881084, 0.007403180611645544, 0.005712645590238825]
norm_factor=2626979.0

 
reward_state=3
current_hist=[23235  1409    24   978   760]
[218645.0, 27573.0, 9578.0, 20426.0, 15767.0]
den=20
curr_probs=[0.0785858182870308, 0.00991034218769375, 0.0034425437012196984, 0.0073415533139604885, 0.0056670063204354755]
norm_factor=2782245.0

 
reward_state=4
current_hist=[7652 1282  630  968  749]
[226297.0, 28855.0, 10208.0, 21394.0, 16516.0]
den=21
curr_probs=[0.07758013949525959, 0.00989219885873748, 0.0034995517570608975, 0.007334385804326101, 0.005662088246435912]
norm_factor=2916945.0

 
reward_state=4
current_hist=[24071  1224    24   842   654]
[250368.0, 30079.0, 10232.0, 22236.0, 17170.0]
den=22
curr_probs=[0.08146931640654871, 0.009787654844838711, 0.003329475194401067, 0.007235556139826244, 0.005587088456593659]
norm_factor=3073157.0

 
reward_state=2
current_hist=[6997 1235  652  946  726]
[257365.0, 31314.0, 10884.0, 23182.0, 17896.0]
den=23
curr_probs=[0.0802511385268764, 0.009764280892237125, 0.003393831296899434, 0.007228573789482054, 0.005580301809014357]
norm_factor=3206995.0

 
reward_state=1
current_hist=[23806  1261    21   866   670]
[281171.0, 32575.0, 10905.0, 24048.0, 18566.0]
den=24
curr_probs=[0.08360811581929388, 0.0096863985717357, 0.0032426761757414517, 0.007150836925651576, 0.00552072681144574]
norm_factor=3362963.0

 
reward_state=2
current_hist=[7868 1327  612  992  762]
[289039.0, 33902.0, 11517.0, 25040.0, 19328.0]
den=25
curr_probs=[0.08263009553780502, 0.009691859918290148, 0.0032924650663367244, 0.007158402818535347, 0.005525463645233673]
norm_factor=3497987.0

 
reward_state=0
current_hist=[23199  1279    30   892   689]
[312238.0, 35181.0, 11547.0, 25932.0, 20017.0]
den=26
curr_probs=[0.08547176066001791, 0.009630416578956085, 0.0031608658149912144, 0.007098603300801262, 0.005479436305419515]
norm_factor=3653113.0

 
reward_state=3
current_hist=[22546  1419    21   992   773]
[334784.0, 36600.0, 11568.0, 26924.0, 20790.0]
den=27
curr_probs=[0.08792753458372543, 0.009612609221959086, 0.0030382148491700195, 0.007071308488853182, 0.005460277205588235]
norm_factor=3807499.0

 
reward_state=1
current_hist=[7802 1243  660  918  715]
[342586.0, 37843.0, 12228.0, 27842.0, 21505.0]
den=28
curr_probs=[0.08689948190471358, 0.009599157857355748, 0.003101722968045506, 0.007062329970258667, 0.005454902880914181]
norm_factor=3942325.0

 
reward_state=4
current_hist=[23066  1350     6   948   731]
[365652.0, 39193.0, 12234.0, 28790.0, 22236.0]
den=29
curr_probs=[0.08924055035235974, 0.009565392476890693, 0.0029858140882882333, 0.007026449861191617, 0.0054268891668446265]
norm_factor=4097375.0

 
reward_state=1
current_hist=[7013 1294  669  972  741]
[372665.0, 40487.0, 12903.0, 29762.0, 22977.0]
den=30
curr_probs=[0.08807288497101971, 0.009568397605950855, 0.0030493994198034897, 0.007033730569029796, 0.005430213940077871]
norm_factor=4231325.0

 
reward_state=1
current_hist=[23330  1292     0   882   687]
[395995.0, 41779.0, 12903.0, 30644.0, 23664.0]
den=31
curr_probs=[0.09027352082346904, 0.009524204665421818, 0.0029414493596768166, 0.006985799750285699, 0.005394594873083173]
norm_factor=4386613.0

 
reward_state=2
current_hist=[6475 1256  688  946  721]
[402470.0, 43035.0, 13591.0, 31590.0, 24385.0]
den=32
curr_probs=[0.08904642861804908, 0.00952148745391642, 0.0030070067616167788, 0.006989282878336697, 0.0053951776824387575]
norm_factor=4519777.0

 
reward_state=4
current_hist=[7537 1241  660  924  715]
[410007.0, 44276.0, 14251.0, 32514.0, 25100.0]
den=33
curr_probs=[0.08809165156780052, 0.009512876523610415, 0.003061884617805855, 0.006985763557879417, 0.005392835864635953]
norm_factor=4654323.0

 
reward_state=2
current_hist=[7271 1230  765  904  702]
[417278.0, 45506.0, 15016.0, 33418.0, 25802.0]
den=34
curr_probs=[0.08714247616716617, 0.009503270051292097, 0.00313587445809788, 0.0069788660522585875, 0.00538837458496547]
norm_factor=4788457.0

 
reward_state=2
current_hist=[8204 1464  532 1102  852]
[425482.0, 46970.0, 15548.0, 34520.0, 26654.0]
den=35
curr_probs=[0.08640865365966792, 0.009538862895244927, 0.0031575524865928915, 0.007010465129739299, 0.005413005143918635]
norm_factor=4924067.0

 
reward_state=2
current_hist=[6130 1264  696  944  727]
[431612.0, 48234.0, 16244.0, 35464.0, 27381.0]
den=36
curr_probs=[0.08535304546268034, 0.009538471578285412, 0.0032123177077925994, 0.007013151636860179, 0.005414705193121717]
norm_factor=5056785.0

 
