0.4228812992846426
0.21075997704234067
0.2081920060019068
0.6157742025438379
0.9986995957619976
0.5878632714487849
0.6948058270517017
0.19236754677851686
0.4132615576132423
0.8965657198529406
0.42094419194862287
0.20807397660550309
0.2416967693132303
0.5296269610917825
0.4431282628342256
0.4023086819379296
0.8948217959534173
0.4726540060450969
0.2529597054479091
0.3053936745784275
0.0
0.7912839359552692
0.4922266333492902
0.51289574576053
0.28073441082444983
0.2829056771112523
0.6872782019341531
0.8886541452317861
0.19338804095571172
0.9239458965702089
0.8477804937057928
0.12353919737488483
0.9970825539886183
0.957899105586723
0.3595530463466091
0.8807426223855557
0.6660638715415742
0.1719697865426722
0.3598146522093638
0.7972268503283484
0.4605752903920419
0.21557451780703119
0.048787941674438395
0.22447005492430083
0.2744937296443874
0.22382081258898956
0.3238661806452808
0.6298977744889698
0.5481757089635751
0.5100439839419295
0.7983836114998737
0.6472081099922681
0.4978220351309533
0.7320995288069454
0.8549026927030736
0.9058811349134386
0.8835488706046057
0.8670846591109842
0.7999535644805716
0.4084247048830556
0.6067909223368334
0.8905037788217345
0.9124670211519752
0.07618018913226099
0.953006998911773
0.3216552480662553
0.3974362027742061
0.7714796958288557
0.45620271890824976
0.5168565440634882
0.5190587454736699
0.31500287200573807
0.6233408013941614
0.2463946944871897
0.08086623154078099
0.4250321142161814
0.25269523809756134
0.11907242302444843
0.834437794097437
0.30300618535805546
1.0
0.0
0.26556359787896633
0.5592121268999102
0.3610961715156806
0.7610051671442316
0.846349474903584
0.3542118673331782
0.26968014605367624
0.7404127670595818
0.7055494742868476
0.33760908744055157
0.30727305620724243
0.5058909086350057
0.9134447733420303
0.6443529938691024
0.4411687890981721
0.030641219788266394
0.4201628636133249
0.2726156858440197
0.7295862887946305
0.45664307821101896
0.4416334642285772
0.8071934593412283
0.25185027741600685
0.025822496456567645
0.45985666315376966
0.04059862113644924
0.6307045812285567
0.7337620658059884
0.13884278852958948
0.8085427027612444
0.3359062153191773
0.8142420301157495
0.6032217029125105
0.015607585083366737
0.12676755266495848
0.5146857144676106
0.8351525952553464
1.0
0.8082360235655732
0.7831091621320253
0.530117832620407
0.03633629500715563
0.7010867910242295
0.009150143602434435
0.2697793868273541
0.9648186373691601
0.6478373603996527
0.6877625535430407
0.3588093131680576
0.1416530780773549
0.7956791554072014
0.5293446772222371
0.6596281442223689
0.21032242814902558
0.6092551149607918
0.6644092724945607
0.5663750674118382
0.0
0.965946803383772
0.061488180816747895
0.5657592330667163
0.7947211499091346
0.48483737303884006
0.6315043074085732
0.45038061700454785
0.17905684135160177
0.8913127586876914
0.8663971791302976
0.4764192514271628
0.883533183291664
0.3731096939790274
0.8741581163110167
0.4363484573164902
0.6629320479375179
0.1870012883750577
0.09185922155851872
0.4992610221634436
0.4516745442945683
0.6038663949211515
0.8627084462207311
0.6663205641591415
0.5318637474714896
0.4926978882792644
0.5255565764336051
0.6746344460109226
0.8883868842037927
0.43691916147451987
0.4915012921420677
0.7835190659791124
0.8103747241951349
1.0
0.8909211239346881
0.8301117050285418
0.4006854184274746
0.9493079287749133
0.3319520309551819
0.14245043146659514
0.1064528120720456
0.3141839031695664
0.8880024231745203
0.9989613565403275
0.9499633420563942
0.9716467484967588
0.4461412378075149
0.9698339803751294
0.1819888135141085
0.8221655977707794
0.6894020881681211
1.0
0.5730361427790742
0.6998509989937503
1.0
0.47290617562653847
0.8149698690827972
1.0
0.8599927599171081
0.18215041195873066
0.9207790182626183
0.8595213531614397
0.7903764606806328
0.7948062438758869
0.8886458436609885
0.24205590254522769
0.9707917004884641
0.6979072122184334
0.6169462386603328
0.9371322611713288
0.6228892781266026
0.7464795354766111
0.9746028818927629
0.8523771074184153
0.7983777656092652
1.0
0.7990963005681315
0.9165726448488335
0.7429736674651513
0.970151185407891
0.6225320157956866
0.9066104386611933
0.7224309512891963
0.7636002871088468
0.848376775107012
0.6927280144309185
0.5052852766691742
0.8410495207586551
0.6258151530595353
1.0
0.9135424532552052
0.9118560620976695
0.47850961180607127
0.5996015028092752
1.0
0.8832742542359826
0.8531697517024043
0.8641947594277459
0.8971842825298717
0.46709298130033894
0.4124333544457577
1.0
0.9427755035049918
0.835844504593731
0.9255093910237981
0.9868601530556952
0.7965217913984911
0.958356402903962
0.9100581156993375
0.25493869001774233
0.8239687455330947
0.1181840539252218
0.12759167903628293
0.7447837742666773
0.672974991995437
0.4706637166268658
0.49978349110859027
0.6675464176240589
0.11740668914874086
0.4453619668825752
0.6952274286847278
0.7851429958502952
0.23231810626324845
0.5372202041906259
0.5690542117154855
0.9756433714195832
0.4191919657914605
0.037803563607836155
0.08491282777094222
0.18280378684973403
0.5151890899798862
0.14641635354146898
0.9854376620561909
0.5256478219422009
0.16833381128939962
0.40445308977571326
0.1019543798280797
0.7629081515038553
0.9310925927072194
0.2906526288348926
0.515965633337024
0.09843361160091912
0.9343402861848519
0.17751368153683605
0.3130260229489361
0.18982822430223656
0.6044318208795132
0.6531437303214814
0.29866348232628726
0.8864358151007516
0.5842074196909887
0.7382351536256082
0.09822313483622125
0.9611450633804473
0.8048589883444821
0.5272244270378048
0.9200868676961063
0.3119618217814502
0.0
0.900487618162336
0.9361653380450179
0.7980498254891315
0.025269553559544078
0.352944690761065
0.3807972626860348
0.15938747730619252
0.4776512963037432
0.8724710409262448
0.4044505590156814
0.6207062933487941
0.7065702975427011
0.8754036337842266
0.33955286827098324
0.5464235600168476
0.2886761468132394
0.4483679192275591
0.5275259643244792
0.17653426062587596
0.5832837449735234
0.22014367449621242
0.6342504742038302
0.21528285410123027
0.932407844930881
0.5403944082362943
0.2603006596395861
0.23174564463029812
0.13002332095698965
0.24258889596600453
0.40521307746411006
0.010642229975842632
0.16989219919700033
0.6048019145196257
0.11465582447498823
0.22151462666608873
0.5922598573655746
0.5386882698335532
0.5573195856539968
0.5852725993233817
0.0021334889557579895
0.37382547031798063
0.03835127339934363
0.6210071489627537
0.028044070124510267
0.19052941712925353
0.9522837779443247
0.3437933967089579
0.7708477667668168
0.26791286023328276
0.028203314574039184
0.33682865720431987
1.0
0.4445106894756558
0.8331258957675785
0.8169755055938812
0.38259648900201926
0.9388274691052129
0.6995754890905419
0.07730061802760274
0.7154902066973365
0.22288209124252478
0.3249639523063103
0.7736802664661727
0.8942296779202701
0.3344037323419232
0.05822403562505618
0.21453340459826825
0.6559015470489142
0.02189489534112221
0.2228672067692199
0.0
0.7269072727055805
0.6653664376460976
0.13750947830182275
0.0
0.3343747147333509
0.6195293310601726
0.0863787419019536
0.26053940620282234
0.2733672090042278
0.31400078572253687
0.39923470158681895
0.24581991723678126
0.8723983551985425
0.5402825778167175
0.23918179370066628
0.2168853664093252
0.8215368935250593
0.9029184804463473
0.6675187520439273
0.3379946492259167
0.13457949718435985
0.1510278937890952
0.2917037181954301
0.815638396751693
0.2579173813896183
0.06838707046619352
0.8555194267408273
0.6403364249319997
0.4540506063258296
0.7893996241548741
0.8393752771047974
0.24341268314021774
0.5879743790315481
0.5037873782792519
0.17946043811575046
0.20269096625527966
0.35318020098780206
0.41851975409438175
0.6801911760288422
0.765924660088951
0.47901983227668454
0.7395548224908013
0.446642519472174
0.633893774202271
0.7471719068018763
0.8433552576246951
0.7213611997497245
0.43804211489863465
0.8916422124115289
0.1361761983302538
0.8446247079619934
0.49787486626525707
0.5888853359402936
0.4188493324859508
0.7241077844933126
0.692871438193461
0.27488809848803636
0.35167004708765937
0.3690330223729084
0.5361011870366889
0.7858041539997311
0.2156950781372322
0.5005578562698924
0.02032828419291688
0.4311171507870909
0.5298730361932852
0.21233819879106175
0.37594719369684476
0.20686654296376705
0.162855144961766
0.0022026003060642285
0.25751189924567786
0.8132733977030143
0.5392743801273818
0.9161247627530573
0.8470250641690981
0.45648297923833037
0.44137986521100736
0.18036498978630433
0.4090641717152557
