0.8549121144293371
0.41041848742774134
0.6926258350857417
0.4933939569427748
0.5222959511308254
0.4304005403581963
0.8662614161132203
0.8902977099448728
0.4849495971587987
0.6900583257161002
0.556975478524705
0.21654440865020835
0.4596533298272269
0.7909838730160987
0.014021594508556667
0.5641517991634163
0.21069852957333768
0.6865328889098794
0.38382921687558014
0.17544136604873917
0.7315136261315092
0.8928022952427027
0.19903856689770127
0.3023501248683168
0.3963763866742322
0.025554377578400955
0.6734100644891878
0.12025881886939171
0.7386286794062977
0.5066464085591618
0.052710269575669044
0.6910870212948748
0.7251330109631215
0.15892824356231056
0.17691479778285768
0.4064892093893958
0.8745380389012773
0.44137355660359845
0.929277733713934
0.5404518796210446
0.514556572472836
0.6532361420187612
0.1448325469461898
0.5762748977663951
1.0
0.6365906484292846
0.8495906486002854
0.44727984620342776
0.6988437288607889
0.7672766982586963
0.18417846377888603
0.5581084616751091
0.23492440033910666
0.2561402294473998
0.9234004441846347
0.37348181614676546
0.5034285287886294
0.6950730517012085
0.9546888853444947
0.6532639703249851
0.7430401609538345
0.9591265147134048
0.8485074407180477
0.28434719512973716
0.22344826236500565
0.0
0.3185531678949437
0.9858360308880122
0.972045976653958
0.4986662367004371
0.0
0.1838968309567688
0.7162575695882432
0.07180077719167344
0.6686958611723679
0.3709504062484247
0.1980793590469489
0.0018207598080144938
0.3907712708107649
0.3989820775762184
0.49588850454858413
0.8705888315272539
0.25019553352542345
0.30625401136283426
0.42425537077731584
0.20164812694717094
0.4185011687471847
0.9656552245171246
0.8261172117846178
0.21020570100624142
0.8243967532496659
0.9056570446183747
0.1278129507689555
0.12756251727498352
0.6943211432102065
0.8250646347789656
0.30141686696998693
0.7010898531170402
0.543296795103487
0.0
1.0
0.16375089371016627
0.43008060708128615
0.06333941154024797
0.5200752310781063
0.23193662357963185
0.36213830732988783
0.615111248883949
0.7959289999252603
0.09292172310743313
0.9573460868962392
0.8598681477582277
0.8315257962945143
0.7126364665525298
0.28612204577841405
0.6959061044409719
0.1663541086623419
0.7159548971189698
0.32060945932469453
0.8811922942284348
0.03809788636526101
0.5803086827482689
0.04003525079368048
0.3314040252491369
0.785244931088595
0.6630578498693243
0.11635216999114467
0.737321342258412
0.47801860113023154
0.4041851846777679
0.39723371838463045
0.7595826149832198
0.6695342026952573
0.42481041783518864
0.527643900693683
0.7158443592699157
0.23520948208039166
0.34192601834810477
0.8491304816135475
0.08363805616030684
0.689120482084896
0.02773222839554712
0.9000445810647537
0.27527286933613215
0.5003059214254453
0.5378736640094918
0.8115064894438977
0.6953617986500197
0.5211868420903348
0.004822499568558514
0.9606750033276579
1.0
0.09268610643109626
0.8365250210438999
0.3370983588428177
0.11089988122131045
0.25635395073580214
0.6856597236726147
0.23381967856944058
